date,daily-stars,total-stars
06-06-2014,0,0
07-06-2014,0,0
08-06-2014,0,0
09-06-2014,0,0
10-06-2014,352,352
11-06-2014,412,764
12-06-2014,155,919
13-06-2014,98,1017
14-06-2014,27,1044
15-06-2014,38,1082
16-06-2014,79,1161
17-06-2014,64,1225
18-06-2014,53,1278
19-06-2014,35,1313
20-06-2014,25,1338
21-06-2014,11,1349
22-06-2014,10,1359
23-06-2014,18,1377
24-06-2014,10,1387
25-06-2014,12,1399
26-06-2014,18,1417
27-06-2014,19,1436
28-06-2014,6,1442
29-06-2014,8,1450
30-06-2014,12,1462
01-07-2014,17,1479
02-07-2014,21,1500
03-07-2014,9,1509
04-07-2014,12,1521
05-07-2014,1,1522
06-07-2014,6,1528
07-07-2014,10,1538
08-07-2014,12,1550
09-07-2014,12,1562
10-07-2014,177,1739
11-07-2014,243,1982
12-07-2014,53,2035
13-07-2014,35,2070
14-07-2014,44,2114
15-07-2014,44,2158
16-07-2014,27,2185
17-07-2014,28,2213
18-07-2014,27,2240
19-07-2014,14,2254
20-07-2014,19,2273
21-07-2014,22,2295
22-07-2014,17,2312
23-07-2014,28,2340
24-07-2014,31,2371
25-07-2014,19,2390
26-07-2014,4,2394
27-07-2014,8,2402
28-07-2014,18,2420
29-07-2014,16,2436
30-07-2014,27,2463
31-07-2014,35,2498
01-08-2014,13,2511
02-08-2014,11,2522
03-08-2014,6,2528
04-08-2014,10,2538
05-08-2014,15,2553
06-08-2014,11,2564
07-08-2014,8,2572
08-08-2014,11,2583
09-08-2014,5,2588
10-08-2014,5,2593
11-08-2014,11,2604
12-08-2014,12,2616
13-08-2014,12,2628
14-08-2014,13,2641
15-08-2014,11,2652
16-08-2014,8,2660
17-08-2014,11,2671
18-08-2014,20,2691
19-08-2014,33,2724
20-08-2014,27,2751
21-08-2014,10,2761
22-08-2014,15,2776
23-08-2014,5,2781
24-08-2014,6,2787
25-08-2014,27,2814
26-08-2014,18,2832
27-08-2014,21,2853
28-08-2014,19,2872
29-08-2014,22,2894
30-08-2014,16,2910
31-08-2014,7,2917
01-09-2014,17,2934
02-09-2014,16,2950
03-09-2014,19,2969
04-09-2014,16,2985
05-09-2014,18,3003
06-09-2014,5,3008
07-09-2014,3,3011
08-09-2014,13,3024
09-09-2014,20,3044
10-09-2014,14,3058
11-09-2014,18,3076
12-09-2014,8,3084
13-09-2014,7,3091
14-09-2014,11,3102
15-09-2014,16,3118
16-09-2014,16,3134
17-09-2014,13,3147
18-09-2014,11,3158
19-09-2014,26,3184
20-09-2014,14,3198
21-09-2014,9,3207
22-09-2014,14,3221
23-09-2014,13,3234
24-09-2014,24,3258
25-09-2014,15,3273
26-09-2014,14,3287
27-09-2014,9,3296
28-09-2014,5,3301
29-09-2014,15,3316
30-09-2014,20,3336
01-10-2014,12,3348
02-10-2014,15,3363
03-10-2014,7,3370
04-10-2014,7,3377
05-10-2014,5,3382
06-10-2014,13,3395
07-10-2014,20,3415
08-10-2014,16,3431
09-10-2014,10,3441
10-10-2014,14,3455
11-10-2014,8,3463
12-10-2014,9,3472
13-10-2014,9,3481
14-10-2014,10,3491
15-10-2014,17,3508
16-10-2014,15,3523
17-10-2014,11,3534
18-10-2014,9,3543
19-10-2014,8,3551
20-10-2014,12,3563
21-10-2014,16,3579
22-10-2014,15,3594
23-10-2014,17,3611
24-10-2014,13,3624
25-10-2014,7,3631
26-10-2014,10,3641
27-10-2014,14,3655
28-10-2014,15,3670
29-10-2014,10,3680
30-10-2014,24,3704
31-10-2014,14,3718
01-11-2014,10,3728
02-11-2014,10,3738
03-11-2014,15,3753
04-11-2014,63,3816
05-11-2014,65,3881
06-11-2014,29,3910
07-11-2014,29,3939
08-11-2014,9,3948
09-11-2014,17,3965
10-11-2014,28,3993
11-11-2014,61,4054
12-11-2014,54,4108
13-11-2014,55,4163
14-11-2014,26,4189
15-11-2014,18,4207
16-11-2014,14,4221
17-11-2014,26,4247
18-11-2014,20,4267
19-11-2014,20,4287
20-11-2014,31,4318
21-11-2014,20,4338
22-11-2014,17,4355
23-11-2014,18,4373
24-11-2014,19,4392
25-11-2014,17,4409
26-11-2014,16,4425
27-11-2014,31,4456
28-11-2014,32,4488
29-11-2014,11,4499
30-11-2014,21,4520
01-12-2014,17,4537
02-12-2014,22,4559
03-12-2014,22,4581
04-12-2014,46,4627
05-12-2014,23,4650
06-12-2014,17,4667
07-12-2014,9,4676
08-12-2014,11,4687
09-12-2014,20,4707
10-12-2014,18,4725
11-12-2014,18,4743
12-12-2014,15,4758
13-12-2014,12,4770
14-12-2014,14,4784
15-12-2014,15,4799
16-12-2014,19,4818
17-12-2014,17,4835
18-12-2014,11,4846
19-12-2014,10,4856
20-12-2014,10,4866
21-12-2014,10,4876
22-12-2014,8,4884
23-12-2014,14,4898
24-12-2014,5,4903
25-12-2014,7,4910
26-12-2014,8,4918
27-12-2014,6,4924
28-12-2014,6,4930
29-12-2014,11,4941
30-12-2014,10,4951
31-12-2014,5,4956
01-01-2015,7,4963
02-01-2015,9,4972
03-01-2015,9,4981
04-01-2015,10,4991
05-01-2015,14,5005
06-01-2015,11,5016
07-01-2015,11,5027
08-01-2015,12,5039
09-01-2015,14,5053
10-01-2015,7,5060
11-01-2015,6,5066
12-01-2015,10,5076
13-01-2015,13,5089
14-01-2015,17,5106
15-01-2015,16,5122
16-01-2015,11,5133
17-01-2015,5,5138
18-01-2015,10,5148
19-01-2015,13,5161
20-01-2015,16,5177
21-01-2015,12,5189
22-01-2015,15,5204
23-01-2015,12,5216
24-01-2015,7,5223
25-01-2015,11,5234
26-01-2015,7,5241
27-01-2015,16,5257
28-01-2015,15,5272
29-01-2015,19,5291
30-01-2015,16,5307
31-01-2015,8,5315
01-02-2015,12,5327
02-02-2015,26,5353
03-02-2015,14,5367
04-02-2015,20,5387
05-02-2015,16,5403
06-02-2015,13,5416
07-02-2015,12,5428
08-02-2015,4,5432
09-02-2015,12,5444
10-02-2015,22,5466
11-02-2015,13,5479
12-02-2015,12,5491
13-02-2015,16,5507
14-02-2015,8,5515
15-02-2015,8,5523
16-02-2015,21,5544
17-02-2015,11,5555
18-02-2015,9,5564
19-02-2015,10,5574
20-02-2015,3,5577
21-02-2015,7,5584
22-02-2015,9,5593
23-02-2015,10,5603
24-02-2015,8,5611
25-02-2015,19,5630
26-02-2015,13,5643
27-02-2015,17,5660
28-02-2015,9,5669
01-03-2015,6,5675
02-03-2015,6,5681
03-03-2015,23,5704
04-03-2015,19,5723
05-03-2015,11,5734
06-03-2015,13,5747
07-03-2015,10,5757
08-03-2015,9,5766
09-03-2015,12,5778
10-03-2015,16,5794
11-03-2015,10,5804
12-03-2015,14,5818
13-03-2015,18,5836
14-03-2015,5,5841
15-03-2015,12,5853
16-03-2015,13,5866
17-03-2015,19,5885
18-03-2015,18,5903
19-03-2015,13,5916
20-03-2015,13,5929
21-03-2015,12,5941
22-03-2015,5,5946
23-03-2015,13,5959
24-03-2015,14,5973
25-03-2015,15,5988
26-03-2015,15,6003
27-03-2015,16,6019
28-03-2015,7,6026
29-03-2015,8,6034
30-03-2015,15,6049
31-03-2015,16,6065
01-04-2015,21,6086
02-04-2015,18,6104
03-04-2015,13,6117
04-04-2015,8,6125
05-04-2015,9,6134
06-04-2015,33,6167
07-04-2015,33,6200
08-04-2015,21,6221
09-04-2015,18,6239
10-04-2015,16,6255
11-04-2015,8,6263
12-04-2015,10,6273
13-04-2015,19,6292
14-04-2015,20,6312
15-04-2015,17,6329
16-04-2015,22,6351
17-04-2015,24,6375
18-04-2015,17,6392
19-04-2015,23,6415
20-04-2015,17,6432
21-04-2015,26,6458
22-04-2015,15,6473
23-04-2015,29,6502
24-04-2015,32,6534
25-04-2015,13,6547
26-04-2015,10,6557
27-04-2015,12,6569
28-04-2015,16,6585
29-04-2015,12,6597
30-04-2015,13,6610
01-05-2015,16,6626
02-05-2015,7,6633
03-05-2015,4,6637
04-05-2015,9,6646
05-05-2015,20,6666
06-05-2015,25,6691
07-05-2015,20,6711
08-05-2015,15,6726
09-05-2015,9,6735
10-05-2015,10,6745
11-05-2015,10,6755
12-05-2015,20,6775
13-05-2015,16,6791
14-05-2015,19,6810
15-05-2015,16,6826
16-05-2015,8,6834
17-05-2015,9,6843
18-05-2015,28,6871
19-05-2015,59,6930
20-05-2015,29,6959
21-05-2015,34,6993
22-05-2015,25,7018
23-05-2015,6,7024
24-05-2015,6,7030
25-05-2015,17,7047
26-05-2015,11,7058
27-05-2015,14,7072
28-05-2015,24,7096
29-05-2015,17,7113
30-05-2015,5,7118
31-05-2015,9,7127
01-06-2015,13,7140
02-06-2015,17,7157
03-06-2015,39,7196
04-06-2015,33,7229
05-06-2015,25,7254
06-06-2015,5,7259
07-06-2015,10,7269
08-06-2015,18,7287
09-06-2015,20,7307
10-06-2015,35,7342
11-06-2015,59,7401
12-06-2015,48,7449
13-06-2015,22,7471
14-06-2015,15,7486
15-06-2015,30,7516
16-06-2015,24,7540
17-06-2015,15,7555
18-06-2015,22,7577
19-06-2015,15,7592
20-06-2015,11,7603
21-06-2015,8,7611
22-06-2015,12,7623
23-06-2015,18,7641
24-06-2015,14,7655
25-06-2015,25,7680
26-06-2015,11,7691
27-06-2015,10,7701
28-06-2015,6,7707
29-06-2015,16,7723
30-06-2015,18,7741
01-07-2015,15,7756
02-07-2015,20,7776
03-07-2015,9,7785
04-07-2015,8,7793
05-07-2015,5,7798
06-07-2015,10,7808
07-07-2015,14,7822
08-07-2015,18,7840
09-07-2015,19,7859
10-07-2015,18,7877
11-07-2015,15,7892
12-07-2015,18,7910
13-07-2015,25,7935
14-07-2015,19,7954
15-07-2015,15,7969
16-07-2015,23,7992
17-07-2015,12,8004
18-07-2015,10,8014
19-07-2015,12,8026
20-07-2015,19,8045
21-07-2015,110,8155
22-07-2015,73,8228
23-07-2015,47,8275
24-07-2015,34,8309
25-07-2015,22,8331
26-07-2015,17,8348
27-07-2015,31,8379
28-07-2015,31,8410
29-07-2015,21,8431
30-07-2015,21,8452
31-07-2015,13,8465
01-08-2015,11,8476
02-08-2015,7,8483
03-08-2015,15,8498
04-08-2015,10,8508
05-08-2015,17,8525
06-08-2015,21,8546
07-08-2015,11,8557
08-08-2015,11,8568
09-08-2015,9,8577
10-08-2015,20,8597
11-08-2015,22,8619
12-08-2015,32,8651
13-08-2015,16,8667
14-08-2015,13,8680
15-08-2015,5,8685
16-08-2015,9,8694
17-08-2015,17,8711
18-08-2015,21,8732
19-08-2015,23,8755
20-08-2015,19,8774
21-08-2015,17,8791
22-08-2015,15,8806
23-08-2015,8,8814
24-08-2015,12,8826
25-08-2015,12,8838
26-08-2015,12,8850
27-08-2015,14,8864
28-08-2015,14,8878
29-08-2015,13,8891
30-08-2015,13,8904
31-08-2015,22,8926
01-09-2015,21,8947
02-09-2015,27,8974
03-09-2015,17,8991
04-09-2015,16,9007
05-09-2015,9,9016
06-09-2015,10,9026
07-09-2015,13,9039
08-09-2015,24,9063
09-09-2015,17,9080
10-09-2015,23,9103
11-09-2015,14,9117
12-09-2015,6,9123
13-09-2015,6,9129
14-09-2015,28,9157
15-09-2015,25,9182
16-09-2015,21,9203
17-09-2015,19,9222
18-09-2015,16,9238
19-09-2015,17,9255
20-09-2015,12,9267
21-09-2015,16,9283
22-09-2015,29,9312
23-09-2015,15,9327
24-09-2015,13,9340
25-09-2015,17,9357
26-09-2015,11,9368
27-09-2015,8,9376
28-09-2015,24,9400
29-09-2015,13,9413
30-09-2015,13,9426
01-10-2015,11,9437
02-10-2015,10,9447
03-10-2015,9,9456
04-10-2015,8,9464
05-10-2015,14,9478
06-10-2015,17,9495
07-10-2015,14,9509
08-10-2015,13,9522
09-10-2015,14,9536
10-10-2015,10,9546
11-10-2015,7,9553
12-10-2015,19,9572
13-10-2015,26,9598
14-10-2015,15,9613
15-10-2015,19,9632
16-10-2015,15,9647
17-10-2015,11,9658
18-10-2015,6,9664
19-10-2015,16,9680
20-10-2015,24,9704
21-10-2015,15,9719
22-10-2015,18,9737
23-10-2015,8,9745
24-10-2015,11,9756
25-10-2015,8,9764
26-10-2015,22,9786
27-10-2015,21,9807
28-10-2015,21,9828
29-10-2015,14,9842
30-10-2015,30,9872
31-10-2015,9,9881
01-11-2015,9,9890
02-11-2015,22,9912
03-11-2015,18,9930
04-11-2015,22,9952
05-11-2015,26,9978
06-11-2015,21,9999
07-11-2015,11,10010
08-11-2015,7,10017
09-11-2015,21,10038
10-11-2015,32,10070
11-11-2015,16,10086
12-11-2015,25,10111
13-11-2015,24,10135
14-11-2015,13,10148
15-11-2015,10,10158
16-11-2015,18,10176
17-11-2015,13,10189
18-11-2015,19,10208
19-11-2015,14,10222
20-11-2015,17,10239
21-11-2015,7,10246
22-11-2015,7,10253
23-11-2015,19,10272
24-11-2015,24,10296
25-11-2015,32,10328
26-11-2015,18,10346
27-11-2015,20,10366
28-11-2015,6,10372
29-11-2015,12,10384
30-11-2015,18,10402
01-12-2015,25,10427
02-12-2015,17,10444
03-12-2015,19,10463
04-12-2015,10,10473
05-12-2015,10,10483
06-12-2015,16,10499
07-12-2015,22,10521
08-12-2015,17,10538
09-12-2015,19,10557
10-12-2015,15,10572
11-12-2015,11,10583
12-12-2015,7,10590
13-12-2015,3,10593
14-12-2015,12,10605
15-12-2015,14,10619
16-12-2015,11,10630
17-12-2015,13,10643
18-12-2015,8,10651
19-12-2015,5,10656
20-12-2015,5,10661
21-12-2015,10,10671
22-12-2015,7,10678
23-12-2015,10,10688
24-12-2015,8,10696
25-12-2015,6,10702
26-12-2015,4,10706
27-12-2015,8,10714
28-12-2015,16,10730
29-12-2015,16,10746
30-12-2015,11,10757
31-12-2015,10,10767
01-01-2016,6,10773
02-01-2016,6,10779
03-01-2016,2,10781
04-01-2016,17,10798
05-01-2016,16,10814
06-01-2016,25,10839
07-01-2016,12,10851
08-01-2016,13,10864
09-01-2016,8,10872
10-01-2016,10,10882
11-01-2016,12,10894
12-01-2016,27,10921
13-01-2016,19,10940
14-01-2016,26,10966
15-01-2016,19,10985
16-01-2016,10,10995
17-01-2016,9,11004
18-01-2016,20,11024
19-01-2016,22,11046
20-01-2016,21,11067
21-01-2016,23,11090
22-01-2016,21,11111
23-01-2016,9,11120
24-01-2016,10,11130
25-01-2016,22,11152
26-01-2016,28,11180
27-01-2016,21,11201
28-01-2016,16,11217
29-01-2016,19,11236
30-01-2016,14,11250
31-01-2016,13,11263
01-02-2016,11,11274
02-02-2016,12,11286
03-02-2016,26,11312
04-02-2016,10,11322
05-02-2016,19,11341
06-02-2016,13,11354
07-02-2016,9,11363
08-02-2016,15,11378
09-02-2016,11,11389
10-02-2016,13,11402
11-02-2016,18,11420
12-02-2016,17,11437
13-02-2016,8,11445
14-02-2016,21,11466
15-02-2016,19,11485
16-02-2016,26,11511
17-02-2016,15,11526
18-02-2016,22,11548
19-02-2016,29,11577
20-02-2016,7,11584
21-02-2016,8,11592
22-02-2016,14,11606
23-02-2016,27,11633
24-02-2016,22,11655
25-02-2016,16,11671
26-02-2016,31,11702
27-02-2016,12,11714
28-02-2016,18,11732
29-02-2016,22,11754
01-03-2016,18,11772
02-03-2016,16,11788
03-03-2016,23,11811
04-03-2016,13,11824
05-03-2016,9,11833
06-03-2016,12,11845
07-03-2016,12,11857
08-03-2016,21,11878
09-03-2016,17,11895
10-03-2016,24,11919
11-03-2016,23,11942
12-03-2016,12,11954
13-03-2016,17,11971
14-03-2016,21,11992
15-03-2016,19,12011
16-03-2016,22,12033
17-03-2016,27,12060
18-03-2016,20,12080
19-03-2016,19,12099
20-03-2016,29,12128
21-03-2016,31,12159
22-03-2016,28,12187
23-03-2016,24,12211
24-03-2016,22,12233
25-03-2016,24,12257
26-03-2016,18,12275
27-03-2016,16,12291
28-03-2016,26,12317
29-03-2016,33,12350
30-03-2016,24,12374
31-03-2016,16,12390
01-04-2016,11,12401
02-04-2016,7,12408
03-04-2016,7,12415
04-04-2016,18,12433
05-04-2016,14,12447
06-04-2016,13,12460
07-04-2016,24,12484
08-04-2016,13,12497
09-04-2016,12,12509
10-04-2016,10,12519
11-04-2016,21,12540
12-04-2016,15,12555
13-04-2016,15,12570
14-04-2016,23,12593
15-04-2016,18,12611
16-04-2016,10,12621
17-04-2016,11,12632
18-04-2016,22,12654
19-04-2016,19,12673
20-04-2016,22,12695
21-04-2016,24,12719
22-04-2016,15,12734
23-04-2016,11,12745
24-04-2016,13,12758
25-04-2016,20,12778
26-04-2016,30,12808
27-04-2016,15,12823
28-04-2016,17,12840
29-04-2016,19,12859
30-04-2016,16,12875
01-05-2016,7,12882
02-05-2016,11,12893
03-05-2016,11,12904
04-05-2016,24,12928
05-05-2016,15,12943
06-05-2016,24,12967
07-05-2016,3,12970
08-05-2016,12,12982
09-05-2016,11,12993
10-05-2016,15,13008
11-05-2016,25,13033
12-05-2016,22,13055
13-05-2016,19,13074
14-05-2016,13,13087
15-05-2016,7,13094
16-05-2016,22,13116
17-05-2016,16,13132
18-05-2016,16,13148
19-05-2016,20,13168
20-05-2016,15,13183
21-05-2016,14,13197
22-05-2016,13,13210
23-05-2016,14,13224
24-05-2016,23,13247
25-05-2016,32,13279
26-05-2016,26,13305
27-05-2016,19,13324
28-05-2016,10,13334
29-05-2016,4,13338
30-05-2016,13,13351
31-05-2016,22,13373
01-06-2016,18,13391
02-06-2016,22,13413
03-06-2016,15,13428
04-06-2016,12,13440
05-06-2016,5,13445
06-06-2016,19,13464
07-06-2016,16,13480
08-06-2016,18,13498
09-06-2016,19,13517
10-06-2016,18,13535
11-06-2016,10,13545
12-06-2016,14,13559
13-06-2016,11,13570
14-06-2016,11,13581
15-06-2016,18,13599
16-06-2016,22,13621
17-06-2016,17,13638
18-06-2016,11,13649
19-06-2016,13,13662
20-06-2016,16,13678
21-06-2016,14,13692
22-06-2016,26,13718
23-06-2016,16,13734
24-06-2016,22,13756
25-06-2016,7,13763
26-06-2016,6,13769
27-06-2016,9,13778
28-06-2016,13,13791
29-06-2016,24,13815
30-06-2016,21,13836
01-07-2016,19,13855
02-07-2016,35,13890
03-07-2016,25,13915
04-07-2016,26,13941
05-07-2016,19,13960
06-07-2016,24,13984
07-07-2016,26,14010
08-07-2016,23,14033
09-07-2016,16,14049
10-07-2016,14,14063
11-07-2016,29,14092
12-07-2016,22,14114
13-07-2016,24,14138
14-07-2016,17,14155
15-07-2016,24,14179
16-07-2016,4,14183
17-07-2016,11,14194
18-07-2016,20,14214
19-07-2016,23,14237
20-07-2016,24,14261
21-07-2016,21,14282
22-07-2016,28,14310
23-07-2016,10,14320
24-07-2016,20,14340
25-07-2016,20,14360
26-07-2016,25,14385
27-07-2016,27,14412
28-07-2016,20,14432
29-07-2016,22,14454
30-07-2016,8,14462
31-07-2016,13,14475
01-08-2016,25,14500
02-08-2016,25,14525
03-08-2016,11,14536
04-08-2016,18,14554
05-08-2016,28,14582
06-08-2016,9,14591
07-08-2016,8,14599
08-08-2016,17,14616
09-08-2016,23,14639
10-08-2016,19,14658
11-08-2016,17,14675
12-08-2016,18,14693
13-08-2016,11,14704
14-08-2016,11,14715
15-08-2016,15,14730
16-08-2016,16,14746
17-08-2016,15,14761
18-08-2016,22,14783
19-08-2016,13,14796
20-08-2016,13,14809
21-08-2016,12,14821
22-08-2016,20,14841
23-08-2016,14,14855
24-08-2016,25,14880
25-08-2016,16,14896
26-08-2016,17,14913
27-08-2016,17,14930
28-08-2016,10,14940
29-08-2016,25,14965
30-08-2016,28,14993
31-08-2016,20,15013
01-09-2016,25,15038
02-09-2016,11,15049
03-09-2016,7,15056
04-09-2016,14,15070
05-09-2016,14,15084
06-09-2016,25,15109
07-09-2016,26,15135
08-09-2016,23,15158
09-09-2016,53,15211
10-09-2016,27,15238
11-09-2016,16,15254
12-09-2016,31,15285
13-09-2016,26,15311
14-09-2016,26,15337
15-09-2016,26,15363
16-09-2016,23,15386
17-09-2016,9,15395
18-09-2016,16,15411
19-09-2016,34,15445
20-09-2016,17,15462
21-09-2016,25,15487
22-09-2016,25,15512
23-09-2016,16,15528
24-09-2016,12,15540
25-09-2016,11,15551
26-09-2016,33,15584
27-09-2016,38,15622
28-09-2016,40,15662
29-09-2016,41,15703
30-09-2016,35,15738
01-10-2016,12,15750
02-10-2016,11,15761
03-10-2016,20,15781
04-10-2016,18,15799
05-10-2016,20,15819
06-10-2016,26,15845
07-10-2016,26,15871
08-10-2016,17,15888
09-10-2016,23,15911
10-10-2016,18,15929
11-10-2016,21,15950
12-10-2016,31,15981
13-10-2016,43,16024
14-10-2016,24,16048
15-10-2016,19,16067
16-10-2016,23,16090
17-10-2016,43,16133
18-10-2016,37,16170
19-10-2016,30,16200
20-10-2016,51,16251
21-10-2016,26,16277
22-10-2016,26,16303
23-10-2016,15,16318
24-10-2016,29,16347
25-10-2016,30,16377
26-10-2016,29,16406
27-10-2016,25,16431
28-10-2016,12,16443
29-10-2016,9,16452
30-10-2016,14,16466
31-10-2016,31,16497
01-11-2016,28,16525
02-11-2016,27,16552
03-11-2016,26,16578
04-11-2016,32,16610
05-11-2016,15,16625
06-11-2016,14,16639
07-11-2016,32,16671
08-11-2016,29,16700
09-11-2016,28,16728
10-11-2016,29,16757
11-11-2016,20,16777
12-11-2016,11,16788
13-11-2016,14,16802
14-11-2016,20,16822
15-11-2016,31,16853
16-11-2016,21,16874
17-11-2016,27,16901
18-11-2016,27,16928
19-11-2016,16,16944
20-11-2016,8,16952
21-11-2016,22,16974
22-11-2016,39,17013
23-11-2016,32,17045
24-11-2016,25,17070
25-11-2016,22,17092
26-11-2016,15,17107
27-11-2016,17,17124
28-11-2016,31,17155
29-11-2016,32,17187
30-11-2016,30,17217
01-12-2016,31,17248
02-12-2016,17,17265
03-12-2016,16,17281
04-12-2016,11,17292
05-12-2016,24,17316
06-12-2016,23,17339
07-12-2016,28,17367
08-12-2016,42,17409
09-12-2016,34,17443
10-12-2016,9,17452
11-12-2016,14,17466
12-12-2016,27,17493
13-12-2016,97,17590
14-12-2016,47,17637
15-12-2016,24,17661
16-12-2016,19,17680
17-12-2016,18,17698
18-12-2016,16,17714
19-12-2016,17,17731
20-12-2016,29,17760
21-12-2016,23,17783
22-12-2016,28,17811
23-12-2016,23,17834
24-12-2016,10,17844
25-12-2016,11,17855
26-12-2016,20,17875
27-12-2016,23,17898
28-12-2016,25,17923
29-12-2016,26,17949
30-12-2016,19,17968
31-12-2016,15,17983
01-01-2017,5,17988
02-01-2017,16,18004
03-01-2017,23,18027
04-01-2017,16,18043
05-01-2017,29,18072
06-01-2017,23,18095
07-01-2017,10,18105
08-01-2017,22,18127
09-01-2017,17,18144
10-01-2017,25,18169
11-01-2017,17,18186
12-01-2017,22,18208
13-01-2017,23,18231
14-01-2017,10,18241
15-01-2017,10,18251
16-01-2017,26,18277
17-01-2017,27,18304
18-01-2017,20,18324
19-01-2017,26,18350
20-01-2017,31,18381
21-01-2017,18,18399
22-01-2017,14,18413
23-01-2017,30,18443
24-01-2017,20,18463
25-01-2017,15,18478
26-01-2017,24,18502
27-01-2017,17,18519
28-01-2017,9,18528
29-01-2017,7,18535
30-01-2017,17,18552
31-01-2017,19,18571
01-02-2017,21,18592
02-02-2017,23,18615
03-02-2017,27,18642
04-02-2017,24,18666
05-02-2017,12,18678
06-02-2017,22,18700
07-02-2017,27,18727
08-02-2017,31,18758
09-02-2017,32,18790
10-02-2017,32,18822
11-02-2017,25,18847
12-02-2017,18,18865
13-02-2017,32,18897
14-02-2017,31,18928
15-02-2017,22,18950
16-02-2017,37,18987
17-02-2017,29,19016
18-02-2017,24,19040
19-02-2017,24,19064
20-02-2017,25,19089
21-02-2017,41,19130
22-02-2017,52,19182
23-02-2017,27,19209
24-02-2017,24,19233
25-02-2017,14,19247
26-02-2017,15,19262
27-02-2017,38,19300
28-02-2017,28,19328
01-03-2017,34,19362
02-03-2017,39,19401
03-03-2017,25,19426
04-03-2017,19,19445
05-03-2017,17,19462
06-03-2017,25,19487
07-03-2017,26,19513
08-03-2017,40,19553
09-03-2017,29,19582
10-03-2017,17,19599
11-03-2017,12,19611
12-03-2017,12,19623
13-03-2017,42,19665
14-03-2017,40,19705
15-03-2017,56,19761
16-03-2017,39,19800
17-03-2017,20,19820
18-03-2017,19,19839
19-03-2017,21,19860
20-03-2017,33,19893
21-03-2017,25,19918
22-03-2017,36,19954
23-03-2017,32,19986
24-03-2017,32,20018
25-03-2017,21,20039
26-03-2017,22,20061
27-03-2017,35,20096
28-03-2017,41,20137
29-03-2017,51,20188
30-03-2017,38,20226
31-03-2017,26,20252
01-04-2017,28,20280
02-04-2017,17,20297
03-04-2017,24,20321
04-04-2017,22,20343
05-04-2017,36,20379
06-04-2017,22,20401
07-04-2017,28,20429
08-04-2017,18,20447
09-04-2017,9,20456
10-04-2017,30,20486
11-04-2017,33,20519
12-04-2017,27,20546
13-04-2017,35,20581
14-04-2017,31,20612
15-04-2017,16,20628
16-04-2017,15,20643
17-04-2017,15,20658
18-04-2017,19,20677
19-04-2017,22,20699
20-04-2017,35,20734
21-04-2017,18,20752
22-04-2017,15,20767
23-04-2017,18,20785
24-04-2017,43,20828
25-04-2017,39,20867
26-04-2017,28,20895
27-04-2017,34,20929
28-04-2017,34,20963
29-04-2017,17,20980
30-04-2017,12,20992
01-05-2017,22,21014
02-05-2017,38,21052
03-05-2017,28,21080
04-05-2017,31,21111
05-05-2017,23,21134
06-05-2017,11,21145
07-05-2017,11,21156
08-05-2017,27,21183
09-05-2017,27,21210
10-05-2017,25,21235
11-05-2017,41,21276
12-05-2017,32,21308
13-05-2017,12,21320
14-05-2017,22,21342
15-05-2017,28,21370
16-05-2017,30,21400
17-05-2017,41,21441
18-05-2017,27,21468
19-05-2017,25,21493
20-05-2017,13,21506
21-05-2017,15,21521
22-05-2017,40,21561
23-05-2017,48,21609
24-05-2017,31,21640
25-05-2017,26,21666
26-05-2017,27,21693
27-05-2017,14,21707
28-05-2017,9,21716
29-05-2017,14,21730
30-05-2017,17,21747
31-05-2017,28,21775
01-06-2017,35,21810
02-06-2017,36,21846
03-06-2017,13,21859
04-06-2017,14,21873
05-06-2017,31,21904
06-06-2017,29,21933
07-06-2017,32,21965
08-06-2017,30,21995
09-06-2017,30,22025
10-06-2017,25,22050
11-06-2017,15,22065
12-06-2017,35,22100
13-06-2017,22,22122
14-06-2017,30,22152
15-06-2017,36,22188
16-06-2017,37,22225
17-06-2017,13,22238
18-06-2017,9,22247
19-06-2017,23,22270
20-06-2017,37,22307
21-06-2017,35,22342
22-06-2017,33,22375
23-06-2017,27,22402
24-06-2017,16,22418
25-06-2017,14,22432
26-06-2017,20,22452
27-06-2017,36,22488
28-06-2017,33,22521
29-06-2017,41,22562
30-06-2017,33,22595
01-07-2017,16,22611
02-07-2017,13,22624
03-07-2017,31,22655
04-07-2017,33,22688
05-07-2017,32,22720
06-07-2017,39,22759
07-07-2017,32,22791
08-07-2017,11,22802
09-07-2017,17,22819
10-07-2017,27,22846
11-07-2017,31,22877
12-07-2017,55,22932
13-07-2017,44,22976
14-07-2017,32,23008
15-07-2017,26,23034
16-07-2017,13,23047
17-07-2017,33,23080
18-07-2017,32,23112
19-07-2017,42,23154
20-07-2017,32,23186
21-07-2017,29,23215
22-07-2017,24,23239
23-07-2017,20,23259
24-07-2017,22,23281
25-07-2017,26,23307
26-07-2017,34,23341
27-07-2017,27,23368
28-07-2017,35,23403
29-07-2017,17,23420
30-07-2017,11,23431
31-07-2017,22,23453
01-08-2017,69,23522
02-08-2017,32,23554
03-08-2017,35,23589
04-08-2017,35,23624
05-08-2017,19,23643
06-08-2017,16,23659
07-08-2017,23,23682
08-08-2017,37,23719
09-08-2017,48,23767
10-08-2017,43,23810
11-08-2017,31,23841
12-08-2017,8,23849
13-08-2017,10,23859
14-08-2017,30,23889
15-08-2017,35,23924
16-08-2017,40,23964
17-08-2017,48,24012
18-08-2017,46,24058
19-08-2017,23,24081
20-08-2017,16,24097
21-08-2017,41,24138
22-08-2017,38,24176
23-08-2017,34,24210
24-08-2017,31,24241
25-08-2017,20,24261
26-08-2017,14,24275
27-08-2017,17,24292
28-08-2017,34,24326
29-08-2017,35,24361
30-08-2017,50,24411
31-08-2017,34,24445
01-09-2017,29,24474
02-09-2017,12,24486
03-09-2017,19,24505
04-09-2017,16,24521
05-09-2017,31,24552
06-09-2017,38,24590
07-09-2017,32,24622
08-09-2017,34,24656
09-09-2017,14,24670
10-09-2017,14,24684
11-09-2017,29,24713
12-09-2017,30,24743
13-09-2017,25,24768
14-09-2017,31,24799
15-09-2017,37,24836
16-09-2017,14,24850
17-09-2017,9,24859
18-09-2017,31,24890
19-09-2017,35,24925
20-09-2017,41,24966
21-09-2017,30,24996
22-09-2017,17,25013
23-09-2017,14,25027
24-09-2017,17,25044
25-09-2017,23,25067
26-09-2017,40,25107
27-09-2017,35,25142
28-09-2017,22,25164
29-09-2017,49,25213
30-09-2017,32,25245
01-10-2017,18,25263
02-10-2017,17,25280
03-10-2017,20,25300
04-10-2017,22,25322
05-10-2017,15,25337
06-10-2017,27,25364
07-10-2017,9,25373
08-10-2017,10,25383
09-10-2017,21,25404
10-10-2017,25,25429
11-10-2017,38,25467
12-10-2017,62,25529
13-10-2017,64,25593
14-10-2017,25,25618
15-10-2017,12,25630
16-10-2017,35,25665
17-10-2017,51,25716
18-10-2017,38,25754
19-10-2017,57,25811
20-10-2017,49,25860
21-10-2017,17,25877
22-10-2017,30,25907
23-10-2017,50,25957
24-10-2017,42,25999
25-10-2017,44,26043
26-10-2017,43,26086
27-10-2017,41,26127
28-10-2017,31,26158
29-10-2017,27,26185
30-10-2017,27,26212
31-10-2017,38,26250
01-11-2017,33,26283
02-11-2017,39,26322
03-11-2017,41,26363
04-11-2017,24,26387
05-11-2017,31,26418
06-11-2017,43,26461
07-11-2017,47,26508
08-11-2017,30,26538
09-11-2017,47,26585
10-11-2017,43,26628
11-11-2017,29,26657
12-11-2017,19,26676
13-11-2017,44,26720
14-11-2017,41,26761
15-11-2017,36,26797
16-11-2017,49,26846
17-11-2017,38,26884
18-11-2017,26,26910
19-11-2017,22,26932
20-11-2017,30,26962
21-11-2017,32,26994
22-11-2017,47,27041
23-11-2017,34,27075
24-11-2017,33,27108
25-11-2017,24,27132
26-11-2017,20,27152
27-11-2017,46,27198
28-11-2017,36,27234
29-11-2017,43,27277
30-11-2017,48,27325
01-12-2017,46,27371
02-12-2017,28,27399
03-12-2017,22,27421
04-12-2017,26,27447
05-12-2017,49,27496
06-12-2017,39,27535
07-12-2017,53,27588
08-12-2017,40,27628
09-12-2017,31,27659
10-12-2017,28,27687
11-12-2017,45,27732
12-12-2017,44,27776
13-12-2017,48,27824
14-12-2017,42,27866
15-12-2017,43,27909
16-12-2017,25,27934
17-12-2017,21,27955
18-12-2017,44,27999
19-12-2017,44,28043
20-12-2017,55,28098
21-12-2017,44,28142
22-12-2017,45,28187
23-12-2017,13,28200
24-12-2017,22,28222
25-12-2017,24,28246
26-12-2017,40,28286
27-12-2017,29,28315
28-12-2017,30,28345
29-12-2017,25,28370
30-12-2017,13,28383
31-12-2017,15,28398
01-01-2018,15,28413
02-01-2018,66,28479
03-01-2018,45,28524
04-01-2018,53,28577
05-01-2018,35,28612
06-01-2018,22,28634
07-01-2018,25,28659
08-01-2018,52,28711
09-01-2018,53,28764
10-01-2018,73,28837
11-01-2018,43,28880
12-01-2018,34,28914
13-01-2018,16,28930
14-01-2018,27,28957
15-01-2018,49,29006
16-01-2018,57,29063
17-01-2018,46,29109
18-01-2018,65,29174
19-01-2018,43,29217
20-01-2018,28,29245
21-01-2018,25,29270
22-01-2018,41,29311
23-01-2018,37,29348
24-01-2018,54,29402
25-01-2018,48,29450
26-01-2018,40,29490
27-01-2018,19,29509
28-01-2018,21,29530
29-01-2018,38,29568
30-01-2018,49,29617
31-01-2018,34,29651
01-02-2018,52,29703
02-02-2018,46,29749
03-02-2018,31,29780
04-02-2018,31,29811
05-02-2018,55,29866
06-02-2018,54,29920
07-02-2018,53,29973
08-02-2018,40,30013
09-02-2018,57,30070
10-02-2018,28,30098
11-02-2018,29,30127
12-02-2018,39,30166
13-02-2018,40,30206
14-02-2018,28,30234
15-02-2018,31,30265
16-02-2018,27,30292
17-02-2018,20,30312
18-02-2018,10,30322
19-02-2018,27,30349
20-02-2018,47,30396
21-02-2018,33,30429
22-02-2018,33,30462
23-02-2018,44,30506
24-02-2018,28,30534
25-02-2018,20,30554
26-02-2018,49,30603
27-02-2018,48,30651
28-02-2018,49,30700
01-03-2018,66,30766
02-03-2018,41,30807
03-03-2018,29,30836
04-03-2018,21,30857
05-03-2018,102,30959
06-03-2018,54,31013
07-03-2018,47,31060
08-03-2018,48,31108
09-03-2018,50,31158
10-03-2018,29,31187
11-03-2018,27,31214
12-03-2018,41,31255
13-03-2018,56,31311
14-03-2018,41,31352
15-03-2018,46,31398
16-03-2018,37,31435
17-03-2018,22,31457
18-03-2018,28,31485
19-03-2018,44,31529
20-03-2018,61,31590
21-03-2018,64,31654
22-03-2018,44,31698
23-03-2018,51,31749
24-03-2018,21,31770
25-03-2018,34,31804
26-03-2018,37,31841
27-03-2018,61,31902
28-03-2018,65,31967
29-03-2018,52,32019
30-03-2018,42,32061
31-03-2018,25,32086
01-04-2018,17,32103
02-04-2018,39,32142
03-04-2018,47,32189
04-04-2018,53,32242
05-04-2018,36,32278
06-04-2018,38,32316
07-04-2018,20,32336
08-04-2018,35,32371
09-04-2018,44,32415
10-04-2018,40,32455
11-04-2018,49,32504
12-04-2018,54,32558
13-04-2018,43,32601
14-04-2018,21,32622
15-04-2018,20,32642
16-04-2018,58,32700
17-04-2018,41,32741
18-04-2018,55,32796
19-04-2018,53,32849
20-04-2018,56,32905
21-04-2018,29,32934
22-04-2018,32,32966
23-04-2018,39,33005
24-04-2018,41,33046
25-04-2018,40,33086
26-04-2018,45,33131
27-04-2018,46,33177
28-04-2018,32,33209
29-04-2018,15,33224
30-04-2018,30,33254
01-05-2018,30,33284
02-05-2018,41,33325
03-05-2018,58,33383
04-05-2018,44,33427
05-05-2018,38,33465
06-05-2018,29,33494
07-05-2018,37,33531
08-05-2018,43,33574
09-05-2018,26,33600
10-05-2018,62,33662
11-05-2018,41,33703
12-05-2018,22,33725
13-05-2018,25,33750
14-05-2018,43,33793
15-05-2018,38,33831
16-05-2018,57,33888
17-05-2018,43,33931
18-05-2018,45,33976
19-05-2018,33,34009
20-05-2018,30,34039
21-05-2018,51,34090
22-05-2018,47,34137
23-05-2018,52,34189
24-05-2018,65,34254
25-05-2018,45,34299
26-05-2018,25,34324
27-05-2018,25,34349
28-05-2018,47,34396
29-05-2018,50,34446
30-05-2018,42,34488
31-05-2018,46,34534
01-06-2018,33,34567
02-06-2018,26,34593
03-06-2018,20,34613
04-06-2018,38,34651
05-06-2018,50,34701
06-06-2018,42,34743
07-06-2018,57,34800
08-06-2018,55,34855
09-06-2018,29,34884
10-06-2018,26,34910
11-06-2018,34,34944
12-06-2018,45,34989
13-06-2018,33,35022
14-06-2018,49,35071
15-06-2018,43,35114
16-06-2018,31,35145
17-06-2018,15,35160
18-06-2018,30,35190
19-06-2018,43,35233
20-06-2018,61,35294
21-06-2018,37,35331
22-06-2018,39,35370
23-06-2018,16,35386
24-06-2018,29,35415
25-06-2018,36,35451
26-06-2018,44,35495
27-06-2018,45,35540
28-06-2018,62,35602
29-06-2018,38,35640
30-06-2018,12,35652
01-07-2018,14,35666
02-07-2018,35,35701
03-07-2018,42,35743
04-07-2018,39,35782
05-07-2018,42,35824
06-07-2018,48,35872
07-07-2018,24,35896
08-07-2018,24,35920
09-07-2018,38,35958
10-07-2018,48,36006
11-07-2018,39,36045
12-07-2018,51,36096
13-07-2018,42,36138
14-07-2018,14,36152
15-07-2018,25,36177
16-07-2018,34,36211
17-07-2018,37,36248
18-07-2018,54,36302
19-07-2018,50,36352
20-07-2018,38,36390
21-07-2018,28,36418
22-07-2018,24,36442
23-07-2018,47,36489
24-07-2018,59,36548
25-07-2018,56,36604
26-07-2018,52,36656
27-07-2018,56,36712
28-07-2018,22,36734
29-07-2018,25,36759
30-07-2018,48,36807
31-07-2018,55,36862
01-08-2018,46,36908
02-08-2018,51,36959
03-08-2018,52,37011
04-08-2018,20,37031
05-08-2018,21,37052
06-08-2018,46,37098
07-08-2018,50,37148
08-08-2018,52,37200
09-08-2018,68,37268
10-08-2018,45,37313
11-08-2018,31,37344
12-08-2018,26,37370
13-08-2018,53,37423
14-08-2018,31,37454
15-08-2018,34,37488
16-08-2018,50,37538
17-08-2018,40,37578
18-08-2018,29,37607
19-08-2018,21,37628
20-08-2018,41,37669
21-08-2018,53,37722
22-08-2018,49,37771
23-08-2018,75,37846
24-08-2018,48,37894
25-08-2018,25,37919
26-08-2018,24,37943
27-08-2018,48,37991
28-08-2018,56,38047
29-08-2018,51,38098
30-08-2018,36,38134
31-08-2018,52,38186
01-09-2018,27,38213
02-09-2018,33,38246
03-09-2018,50,38296
04-09-2018,54,38350
05-09-2018,46,38396
06-09-2018,49,38445
07-09-2018,65,38510
08-09-2018,22,38532
09-09-2018,17,38549
10-09-2018,47,38596
11-09-2018,41,38637
12-09-2018,51,38688
13-09-2018,41,38729
14-09-2018,44,38773
15-09-2018,19,38792
16-09-2018,19,38811
17-09-2018,41,38852
18-09-2018,47,38899
19-09-2018,42,38941
20-09-2018,35,38976
21-09-2018,49,39025
22-09-2018,26,39051
23-09-2018,27,39078
24-09-2018,27,39105
25-09-2018,42,39147
26-09-2018,57,39204
27-09-2018,45,39249
28-09-2018,45,39294
29-09-2018,35,39329
30-09-2018,48,39377
01-10-2018,51,39428
02-10-2018,27,39455
03-10-2018,39,39494
04-10-2018,29,39523
05-10-2018,27,39550
06-10-2018,23,39573
07-10-2018,24,39597
08-10-2018,42,39639
09-10-2018,46,39685
10-10-2018,29,39714
11-10-2018,41,39755
12-10-2018,40,39795
13-10-2018,30,39825
14-10-2018,27,39852
15-10-2018,35,39887
16-10-2018,59,39946
17-10-2018,54,40000
18-10-2018,63,40063
19-10-2018,45,40108
20-10-2018,17,40125
21-10-2018,12,40137
22-10-2018,42,40179
23-10-2018,51,40230
24-10-2018,53,40283
25-10-2018,42,40325
26-10-2018,45,40370
27-10-2018,15,40385
28-10-2018,25,40410
29-10-2018,30,40440
30-10-2018,34,40474
31-10-2018,49,40523
01-11-2018,51,40574
02-11-2018,47,40621
03-11-2018,24,40645
04-11-2018,15,40660
05-11-2018,35,40695
06-11-2018,54,40749
07-11-2018,37,40786
08-11-2018,62,40848
09-11-2018,50,40898
10-11-2018,23,40921
11-11-2018,22,40943
12-11-2018,50,40993
13-11-2018,68,41061
14-11-2018,47,41108
15-11-2018,48,41156
16-11-2018,43,41199
17-11-2018,25,41224
18-11-2018,25,41249
19-11-2018,61,41310
20-11-2018,54,41364
21-11-2018,58,41422
22-11-2018,70,41492
23-11-2018,46,41538
24-11-2018,29,41567
25-11-2018,29,41596
26-11-2018,35,41631
27-11-2018,48,41679
28-11-2018,46,41725
29-11-2018,60,41785
30-11-2018,57,41842
01-12-2018,22,41864
02-12-2018,24,41888
03-12-2018,51,41939
04-12-2018,94,42033
05-12-2018,85,42118
06-12-2018,65,42183
07-12-2018,56,42239
08-12-2018,26,42265
09-12-2018,29,42294
10-12-2018,64,42358
11-12-2018,58,42416
12-12-2018,75,42491
13-12-2018,61,42552
14-12-2018,46,42598
15-12-2018,31,42629
16-12-2018,32,42661
17-12-2018,44,42705
18-12-2018,49,42754
19-12-2018,44,42798
20-12-2018,52,42850
21-12-2018,49,42899
22-12-2018,20,42919
23-12-2018,23,42942
24-12-2018,39,42981
25-12-2018,38,43019
26-12-2018,57,43076
27-12-2018,54,43130
28-12-2018,146,43276
29-12-2018,45,43321
30-12-2018,40,43361
31-12-2018,23,43384
01-01-2019,28,43412
02-01-2019,60,43472
03-01-2019,57,43529
04-01-2019,57,43586
05-01-2019,37,43623
06-01-2019,35,43658
07-01-2019,68,43726
08-01-2019,54,43780
09-01-2019,72,43852
10-01-2019,61,43913
11-01-2019,55,43968
12-01-2019,19,43987
13-01-2019,41,44028
14-01-2019,47,44075
15-01-2019,53,44128
16-01-2019,51,44179
17-01-2019,45,44224
18-01-2019,66,44290
19-01-2019,31,44321
20-01-2019,30,44351
21-01-2019,50,44401
22-01-2019,46,44447
23-01-2019,48,44495
24-01-2019,38,44533
25-01-2019,48,44581
26-01-2019,24,44605
27-01-2019,30,44635
28-01-2019,45,44680
29-01-2019,48,44728
30-01-2019,33,44761
31-01-2019,54,44815
01-02-2019,54,44869
02-02-2019,49,44918
03-02-2019,22,44940
04-02-2019,24,44964
05-02-2019,32,44996
06-02-2019,32,45028
07-02-2019,50,45078
08-02-2019,31,45109
09-02-2019,24,45133
10-02-2019,26,45159
11-02-2019,48,45207
12-02-2019,37,45244
13-02-2019,62,45306
14-02-2019,58,45364
15-02-2019,45,45409
16-02-2019,34,45443
17-02-2019,26,45469
18-02-2019,60,45529
19-02-2019,52,45581
20-02-2019,39,45620
21-02-2019,50,45670
22-02-2019,62,45732
23-02-2019,35,45767
24-02-2019,23,45790
25-02-2019,48,45838
26-02-2019,57,45895
27-02-2019,55,45950
28-02-2019,56,46006
01-03-2019,62,46068
02-03-2019,29,46097
03-03-2019,36,46133
04-03-2019,66,46199
05-03-2019,65,46264
06-03-2019,49,46313
07-03-2019,53,46366
08-03-2019,57,46423
09-03-2019,26,46449
10-03-2019,26,46475
11-03-2019,51,46526
12-03-2019,63,46589
13-03-2019,48,46637
14-03-2019,55,46692
15-03-2019,45,46737
16-03-2019,28,46765
17-03-2019,26,46791
18-03-2019,55,46846
19-03-2019,59,46905
20-03-2019,67,46972
21-03-2019,67,47039
22-03-2019,53,47092
23-03-2019,24,47116
24-03-2019,41,47157
25-03-2019,63,47220
26-03-2019,88,47308
27-03-2019,63,47371
28-03-2019,70,47441
29-03-2019,76,47517
30-03-2019,34,47551
31-03-2019,30,47581
01-04-2019,54,47635
02-04-2019,64,47699
03-04-2019,56,47755
04-04-2019,61,47816
05-04-2019,33,47849
06-04-2019,17,47866
07-04-2019,35,47901
08-04-2019,48,47949
09-04-2019,55,48004
10-04-2019,73,48077
11-04-2019,48,48125
12-04-2019,55,48180
13-04-2019,40,48220
14-04-2019,35,48255
15-04-2019,55,48310
16-04-2019,46,48356
17-04-2019,63,48419
18-04-2019,53,48472
19-04-2019,47,48519
20-04-2019,29,48548
21-04-2019,37,48585
22-04-2019,69,48654
23-04-2019,71,48725
24-04-2019,62,48787
25-04-2019,47,48834
26-04-2019,59,48893
27-04-2019,23,48916
28-04-2019,52,48968
29-04-2019,44,49012
30-04-2019,56,49068
01-05-2019,27,49095
02-05-2019,36,49131
03-05-2019,30,49161
04-05-2019,26,49187
05-05-2019,45,49232
06-05-2019,55,49287
07-05-2019,63,49350
08-05-2019,65,49415
09-05-2019,43,49458
10-05-2019,65,49523
11-05-2019,35,49558
12-05-2019,20,49578
13-05-2019,41,49619
14-05-2019,67,49686
15-05-2019,42,49728
16-05-2019,63,49791
17-05-2019,71,49862
18-05-2019,28,49890
19-05-2019,24,49914
20-05-2019,37,49951
21-05-2019,64,50015
22-05-2019,55,50070
23-05-2019,59,50129
24-05-2019,69,50198
25-05-2019,37,50235
26-05-2019,24,50259
27-05-2019,37,50296
28-05-2019,57,50353
29-05-2019,68,50421
30-05-2019,53,50474
31-05-2019,45,50519
01-06-2019,28,50547
02-06-2019,29,50576
03-06-2019,41,50617
04-06-2019,47,50664
05-06-2019,40,50704
06-06-2019,42,50746
07-06-2019,36,50782
08-06-2019,25,50807
09-06-2019,13,50820
10-06-2019,39,50859
11-06-2019,47,50906
12-06-2019,54,50960
13-06-2019,56,51016
14-06-2019,40,51056
15-06-2019,24,51080
16-06-2019,19,51099
17-06-2019,55,51154
18-06-2019,40,51194
19-06-2019,48,51242
20-06-2019,69,51311
21-06-2019,65,51376
22-06-2019,12,51388
23-06-2019,21,51409
24-06-2019,39,51448
25-06-2019,48,51496
26-06-2019,50,51546
27-06-2019,55,51601
28-06-2019,46,51647
29-06-2019,20,51667
30-06-2019,15,51682
01-07-2019,38,51720
02-07-2019,49,51769
03-07-2019,69,51838
04-07-2019,74,51912
05-07-2019,81,51993
06-07-2019,25,52018
07-07-2019,22,52040
08-07-2019,47,52087
09-07-2019,46,52133
10-07-2019,37,52170
11-07-2019,50,52220
12-07-2019,43,52263
13-07-2019,18,52281
14-07-2019,18,52299
15-07-2019,36,52335
16-07-2019,49,52384
17-07-2019,60,52444
18-07-2019,73,52517
19-07-2019,44,52561
20-07-2019,36,52597
21-07-2019,21,52618
22-07-2019,44,52662
23-07-2019,65,52727
24-07-2019,47,52774
25-07-2019,54,52828
26-07-2019,44,52872
27-07-2019,28,52900
28-07-2019,20,52920
29-07-2019,61,52981
30-07-2019,50,53031
31-07-2019,42,53073
01-08-2019,52,53125
02-08-2019,43,53168
03-08-2019,27,53195
04-08-2019,19,53214
05-08-2019,46,53260
06-08-2019,38,53298
07-08-2019,56,53354
08-08-2019,52,53406
09-08-2019,86,53492
10-08-2019,28,53520
11-08-2019,18,53538
12-08-2019,42,53580
13-08-2019,46,53626
14-08-2019,50,53676
15-08-2019,48,53724
16-08-2019,34,53758
17-08-2019,25,53783
18-08-2019,20,53803
19-08-2019,40,53843
20-08-2019,50,53893
21-08-2019,50,53943
22-08-2019,44,53987
23-08-2019,50,54037
24-08-2019,21,54058
25-08-2019,22,54080
26-08-2019,35,54115
27-08-2019,56,54171
28-08-2019,37,54208
29-08-2019,54,54262
30-08-2019,48,54310
31-08-2019,32,54342
01-09-2019,25,54367
02-09-2019,40,54407
03-09-2019,46,54453
04-09-2019,56,54509
05-09-2019,47,54556
06-09-2019,36,54592
07-09-2019,34,54626
08-09-2019,25,54651
09-09-2019,49,54700
10-09-2019,43,54743
11-09-2019,40,54783
12-09-2019,44,54827
13-09-2019,18,54845
14-09-2019,19,54864
15-09-2019,32,54896
16-09-2019,51,54947
17-09-2019,37,54984
18-09-2019,48,55032
19-09-2019,39,55071
20-09-2019,27,55098
21-09-2019,19,55117
22-09-2019,17,55134
23-09-2019,33,55167
24-09-2019,43,55210
25-09-2019,42,55252
26-09-2019,46,55298
27-09-2019,57,55355
28-09-2019,25,55380
29-09-2019,35,55415
30-09-2019,44,55459
01-10-2019,27,55486
02-10-2019,29,55515
03-10-2019,31,55546
04-10-2019,27,55573
05-10-2019,17,55590
06-10-2019,21,55611
07-10-2019,22,55633
08-10-2019,35,55668
09-10-2019,44,55712
10-10-2019,38,55750
11-10-2019,43,55793
12-10-2019,33,55826
13-10-2019,34,55860
14-10-2019,37,55897
15-10-2019,31,55928
16-10-2019,47,55975
17-10-2019,49,56024
18-10-2019,47,56071
19-10-2019,16,56087
20-10-2019,28,56115
21-10-2019,37,56152
22-10-2019,51,56203
23-10-2019,57,56260
24-10-2019,51,56311
25-10-2019,42,56353
26-10-2019,21,56374
27-10-2019,26,56400
28-10-2019,45,56445
29-10-2019,44,56489
30-10-2019,41,56530
31-10-2019,37,56567
01-11-2019,34,56601
02-11-2019,20,56621
03-11-2019,20,56641
04-11-2019,42,56683
05-11-2019,40,56723
06-11-2019,28,56751
07-11-2019,44,56795
08-11-2019,41,56836
09-11-2019,21,56857
10-11-2019,19,56876
11-11-2019,46,56922
12-11-2019,42,56964
13-11-2019,44,57008
14-11-2019,58,57066
15-11-2019,57,57123
16-11-2019,16,57139
17-11-2019,28,57167
18-11-2019,40,57207
19-11-2019,59,57266
20-11-2019,42,57308
21-11-2019,37,57345
22-11-2019,40,57385
23-11-2019,28,57413
24-11-2019,20,57433
25-11-2019,36,57469
26-11-2019,40,57509
27-11-2019,46,57555
28-11-2019,39,57594
29-11-2019,44,57638
30-11-2019,22,57660
01-12-2019,30,57690
02-12-2019,53,57743
03-12-2019,46,57789
04-12-2019,44,57833
05-12-2019,38,57871
06-12-2019,52,57923
07-12-2019,21,57944
08-12-2019,26,57970
09-12-2019,44,58014
10-12-2019,45,58059
11-12-2019,60,58119
12-12-2019,47,58166
13-12-2019,48,58214
14-12-2019,26,58240
15-12-2019,24,58264
16-12-2019,36,58300
17-12-2019,53,58353
18-12-2019,35,58388
19-12-2019,44,58432
20-12-2019,36,58468
21-12-2019,13,58481
22-12-2019,17,58498
23-12-2019,29,58527
24-12-2019,38,58565
25-12-2019,62,58627
26-12-2019,79,58706
27-12-2019,41,58747
28-12-2019,13,58760
29-12-2019,35,58795
30-12-2019,53,58848
31-12-2019,28,58876
01-01-2020,21,58897
02-01-2020,57,58954
03-01-2020,31,58985
04-01-2020,27,59012
05-01-2020,22,59034
06-01-2020,39,59073
07-01-2020,72,59145
08-01-2020,42,59187
09-01-2020,34,59221
10-01-2020,42,59263
11-01-2020,19,59282
12-01-2020,14,59296
13-01-2020,38,59334
14-01-2020,50,59384
15-01-2020,51,59435
16-01-2020,39,59474
17-01-2020,39,59513
18-01-2020,27,59540
19-01-2020,31,59571
20-01-2020,29,59600
21-01-2020,33,59633
22-01-2020,30,59663
23-01-2020,29,59692
24-01-2020,20,59712
25-01-2020,12,59724
26-01-2020,17,59741
27-01-2020,27,59768
28-01-2020,26,59794
29-01-2020,29,59823
30-01-2020,28,59851
31-01-2020,33,59884
01-02-2020,20,59904
02-02-2020,23,59927
03-02-2020,36,59963
04-02-2020,29,59992
05-02-2020,33,60025
06-02-2020,25,60050
07-02-2020,24,60074
08-02-2020,20,60094
09-02-2020,24,60118
10-02-2020,29,60147
11-02-2020,26,60173
12-02-2020,34,60207
13-02-2020,46,60253
14-02-2020,48,60301
15-02-2020,28,60329
16-02-2020,24,60353
17-02-2020,32,60385
18-02-2020,32,60417
19-02-2020,30,60447
20-02-2020,30,60477
21-02-2020,20,60497
22-02-2020,26,60523
23-02-2020,20,60543
24-02-2020,36,60579
25-02-2020,34,60613
26-02-2020,43,60656
27-02-2020,49,60705
28-02-2020,25,60730
29-02-2020,23,60753
01-03-2020,24,60777
02-03-2020,30,60807
03-03-2020,30,60837
04-03-2020,28,60865
05-03-2020,34,60899
06-03-2020,42,60941
07-03-2020,26,60967
08-03-2020,19,60986
09-03-2020,26,61012
10-03-2020,38,61050
11-03-2020,30,61080
12-03-2020,24,61104
13-03-2020,28,61132
14-03-2020,20,61152
15-03-2020,29,61181
16-03-2020,26,61207
17-03-2020,35,61242
18-03-2020,36,61278
19-03-2020,38,61316
20-03-2020,19,61335
21-03-2020,33,61368
22-03-2020,26,61394
23-03-2020,38,61432
24-03-2020,40,61472
25-03-2020,38,61510
26-03-2020,50,61560
27-03-2020,33,61593
28-03-2020,28,61621
29-03-2020,33,61654
30-03-2020,34,61688
31-03-2020,23,61711
01-04-2020,35,61746
02-04-2020,32,61778
03-04-2020,32,61810
04-04-2020,24,61834
05-04-2020,27,61861
06-04-2020,31,61892
07-04-2020,40,61932
08-04-2020,48,61980
09-04-2020,38,62018
10-04-2020,33,62051
11-04-2020,23,62074
12-04-2020,22,62096
13-04-2020,35,62131
14-04-2020,35,62166
15-04-2020,36,62202
16-04-2020,31,62233
17-04-2020,37,62270
18-04-2020,25,62295
19-04-2020,27,62322
20-04-2020,49,62371
21-04-2020,35,62406
22-04-2020,52,62458
23-04-2020,50,62508
24-04-2020,42,62550
25-04-2020,26,62576
26-04-2020,36,62612
27-04-2020,36,62648
28-04-2020,49,62697
29-04-2020,41,62738
30-04-2020,49,62787
01-05-2020,25,62812
02-05-2020,34,62846
03-05-2020,26,62872
04-05-2020,23,62895
05-05-2020,30,62925
06-05-2020,33,62958
07-05-2020,31,62989
08-05-2020,27,63016
09-05-2020,33,63049
10-05-2020,19,63068
11-05-2020,28,63096
12-05-2020,36,63132
13-05-2020,43,63175
14-05-2020,40,63215
15-05-2020,37,63252
16-05-2020,32,63284
17-05-2020,25,63309
18-05-2020,28,63337
19-05-2020,38,63375
20-05-2020,40,63415
21-05-2020,42,63457
22-05-2020,31,63488
23-05-2020,25,63513
24-05-2020,21,63534
25-05-2020,37,63571
26-05-2020,40,63611
27-05-2020,47,63658
28-05-2020,49,63707
29-05-2020,44,63751
30-05-2020,31,63782
31-05-2020,19,63801
01-06-2020,37,63838
02-06-2020,29,63867
03-06-2020,35,63902
04-06-2020,39,63941
05-06-2020,40,63981
06-06-2020,23,64004
07-06-2020,29,64033
08-06-2020,52,64085
09-06-2020,44,64129
10-06-2020,51,64180
11-06-2020,36,64216
12-06-2020,34,64250
13-06-2020,22,64272
14-06-2020,22,64294
15-06-2020,40,64334
16-06-2020,54,64388
17-06-2020,47,64435
18-06-2020,36,64471
19-06-2020,29,64500
20-06-2020,21,64521
21-06-2020,18,64539
22-06-2020,44,64583
23-06-2020,29,64612
24-06-2020,46,64658
25-06-2020,29,64687
26-06-2020,32,64719
27-06-2020,24,64743
28-06-2020,31,64774
29-06-2020,35,64809
30-06-2020,44,64853
01-07-2020,37,64890
02-07-2020,45,64935
03-07-2020,41,64976
04-07-2020,34,65010
05-07-2020,27,65037
06-07-2020,37,65074
07-07-2020,43,65117
08-07-2020,48,65165
09-07-2020,40,65205
10-07-2020,45,65250
11-07-2020,25,65275
12-07-2020,16,65291
13-07-2020,19,65310
14-07-2020,36,65346
15-07-2020,53,65399
16-07-2020,44,65443
17-07-2020,29,65472
18-07-2020,24,65496
19-07-2020,29,65525
20-07-2020,36,65561
21-07-2020,53,65614
22-07-2020,40,65654
23-07-2020,40,65694
24-07-2020,35,65729
25-07-2020,14,65743
26-07-2020,21,65764
27-07-2020,37,65801
28-07-2020,39,65840
29-07-2020,41,65881
30-07-2020,33,65914
31-07-2020,30,65944
01-08-2020,17,65961
02-08-2020,22,65983
03-08-2020,34,66017
04-08-2020,34,66051
05-08-2020,42,66093
06-08-2020,38,66131
07-08-2020,37,66168
08-08-2020,19,66187
09-08-2020,20,66207
10-08-2020,30,66237
11-08-2020,36,66273
12-08-2020,33,66306
13-08-2020,30,66336
14-08-2020,28,66364
15-08-2020,18,66382
16-08-2020,20,66402
17-08-2020,20,66422
18-08-2020,32,66454
19-08-2020,41,66495
20-08-2020,37,66532
21-08-2020,41,66573
22-08-2020,28,66601
23-08-2020,18,66619
24-08-2020,45,66664
25-08-2020,35,66699
26-08-2020,52,66751
27-08-2020,52,66803
28-08-2020,31,66834
29-08-2020,28,66862
30-08-2020,24,66886
31-08-2020,35,66921
01-09-2020,44,66965
02-09-2020,38,67003
03-09-2020,34,67037
04-09-2020,41,67078
05-09-2020,21,67099
06-09-2020,23,67122
07-09-2020,34,67156
08-09-2020,32,67188
09-09-2020,27,67215
10-09-2020,29,67244
11-09-2020,45,67289
12-09-2020,16,67305
13-09-2020,26,67331
14-09-2020,26,67357
15-09-2020,37,67394
16-09-2020,34,67428
17-09-2020,44,67472
18-09-2020,33,67505
19-09-2020,12,67517
20-09-2020,23,67540
21-09-2020,26,67566
22-09-2020,38,67604
23-09-2020,30,67634
24-09-2020,33,67667
25-09-2020,37,67704
26-09-2020,16,67720
27-09-2020,34,67754
28-09-2020,33,67787
29-09-2020,37,67824
30-09-2020,29,67853
01-10-2020,30,67883
02-10-2020,19,67902
03-10-2020,19,67921
04-10-2020,17,67938
05-10-2020,20,67958
06-10-2020,28,67986
07-10-2020,21,68007
08-10-2020,24,68031
09-10-2020,27,68058
10-10-2020,29,68087
11-10-2020,26,68113
12-10-2020,29,68142
13-10-2020,34,68176
14-10-2020,30,68206
15-10-2020,32,68238
16-10-2020,39,68277
17-10-2020,19,68296
18-10-2020,19,68315
19-10-2020,21,68336
20-10-2020,36,68372
21-10-2020,30,68402
22-10-2020,40,68442
23-10-2020,29,68471
24-10-2020,17,68488
25-10-2020,23,68511
26-10-2020,48,68559
27-10-2020,38,68597
28-10-2020,31,68628
29-10-2020,34,68662
30-10-2020,39,68701
31-10-2020,13,68714
01-11-2020,20,68734
02-11-2020,37,68771
03-11-2020,26,68797
04-11-2020,21,68818
05-11-2020,32,68850
06-11-2020,23,68873
07-11-2020,14,68887
08-11-2020,18,68905
09-11-2020,35,68940
10-11-2020,34,68974
11-11-2020,23,68997
12-11-2020,27,69024
13-11-2020,30,69054
14-11-2020,19,69073
15-11-2020,14,69087
16-11-2020,43,69130
17-11-2020,38,69168
18-11-2020,28,69196
19-11-2020,38,69234
20-11-2020,41,69275
21-11-2020,20,69295
22-11-2020,17,69312
23-11-2020,29,69341
24-11-2020,34,69375
25-11-2020,30,69405
26-11-2020,35,69440
27-11-2020,28,69468
28-11-2020,19,69487
29-11-2020,20,69507
30-11-2020,34,69541
01-12-2020,36,69577
02-12-2020,54,69631
03-12-2020,119,69750
04-12-2020,75,69825
05-12-2020,35,69860
06-12-2020,25,69885
07-12-2020,34,69919
08-12-2020,48,69967
09-12-2020,53,70020
10-12-2020,37,70057
11-12-2020,41,70098
12-12-2020,28,70126
13-12-2020,20,70146
14-12-2020,40,70186
15-12-2020,30,70216
16-12-2020,27,70243
17-12-2020,40,70283
18-12-2020,30,70313
19-12-2020,18,70331
20-12-2020,23,70354
21-12-2020,29,70383
22-12-2020,31,70414
23-12-2020,37,70451
24-12-2020,31,70482
25-12-2020,21,70503
26-12-2020,26,70529
27-12-2020,23,70552
28-12-2020,36,70588
29-12-2020,36,70624
30-12-2020,28,70652
31-12-2020,27,70679
01-01-2021,15,70694
02-01-2021,10,70704
03-01-2021,13,70717
04-01-2021,33,70750
05-01-2021,27,70777
06-01-2021,26,70803
07-01-2021,34,70837
08-01-2021,29,70866
09-01-2021,17,70883
10-01-2021,21,70904
11-01-2021,36,70940
12-01-2021,37,70977
13-01-2021,35,71012
14-01-2021,28,71040
15-01-2021,28,71068
16-01-2021,12,71080
17-01-2021,15,71095
18-01-2021,32,71127
19-01-2021,30,71157
20-01-2021,29,71186
21-01-2021,39,71225
22-01-2021,30,71255
23-01-2021,18,71273
24-01-2021,18,71291
25-01-2021,46,71337
26-01-2021,38,71375
27-01-2021,39,71414
28-01-2021,33,71447
29-01-2021,24,71471
30-01-2021,22,71493
31-01-2021,22,71515
01-02-2021,30,71545
02-02-2021,40,71585
03-02-2021,32,71617
04-02-2021,43,71660
05-02-2021,28,71688
06-02-2021,14,71702
07-02-2021,29,71731
08-02-2021,27,71758
09-02-2021,29,71787
10-02-2021,23,71810
11-02-2021,24,71834
12-02-2021,19,71853
13-02-2021,19,71872
14-02-2021,19,71891
15-02-2021,23,71914
16-02-2021,24,71938
17-02-2021,21,71959
18-02-2021,26,71985
19-02-2021,30,72015
20-02-2021,24,72039
21-02-2021,28,72067
22-02-2021,36,72103
23-02-2021,28,72131
24-02-2021,38,72169
25-02-2021,37,72206
26-02-2021,49,72255
27-02-2021,22,72277
28-02-2021,21,72298
01-03-2021,29,72327
02-03-2021,46,72373
03-03-2021,37,72410
04-03-2021,39,72449
05-03-2021,34,72483
06-03-2021,30,72513
07-03-2021,29,72542
08-03-2021,44,72586
09-03-2021,41,72627
10-03-2021,50,72677
11-03-2021,36,72713
12-03-2021,32,72745
13-03-2021,29,72774
14-03-2021,22,72796
15-03-2021,38,72834
16-03-2021,35,72869
17-03-2021,27,72896
18-03-2021,44,72940
19-03-2021,30,72970
20-03-2021,28,72998
21-03-2021,23,73021
22-03-2021,39,73060
23-03-2021,32,73092
24-03-2021,42,73134
25-03-2021,31,73165
26-03-2021,36,73201
27-03-2021,22,73223
28-03-2021,24,73247
29-03-2021,36,73283
30-03-2021,36,73319
31-03-2021,38,73357
01-04-2021,32,73389
02-04-2021,35,73424
03-04-2021,10,73434
04-04-2021,15,73449
05-04-2021,23,73472
06-04-2021,34,73506
07-04-2021,37,73543
08-04-2021,41,73584
09-04-2021,33,73617
10-04-2021,24,73641
11-04-2021,24,73665
12-04-2021,33,73698
13-04-2021,36,73734
14-04-2021,48,73782
15-04-2021,105,73887
16-04-2021,93,73980
17-04-2021,21,74001
18-04-2021,18,74019
19-04-2021,28,74047
20-04-2021,36,74083
21-04-2021,37,74120
22-04-2021,30,74150
23-04-2021,28,74178
24-04-2021,18,74196
25-04-2021,38,74234
26-04-2021,36,74270
27-04-2021,47,74317
28-04-2021,27,74344
29-04-2021,33,74377
30-04-2021,31,74408
01-05-2021,18,74426
02-05-2021,18,74444
03-05-2021,25,74469
04-05-2021,19,74488
05-05-2021,31,74519
06-05-2021,32,74551
07-05-2021,29,74580
08-05-2021,23,74603
09-05-2021,13,74616
10-05-2021,33,74649
11-05-2021,40,74689
12-05-2021,50,74739
13-05-2021,41,74780
14-05-2021,30,74810
15-05-2021,28,74838
16-05-2021,26,74864
17-05-2021,43,74907
18-05-2021,46,74953
19-05-2021,28,74981
20-05-2021,35,75016
21-05-2021,36,75052
22-05-2021,23,75075
23-05-2021,22,75097
24-05-2021,34,75131
25-05-2021,24,75155
26-05-2021,36,75191
27-05-2021,31,75222
28-05-2021,36,75258
29-05-2021,21,75279
30-05-2021,18,75297
31-05-2021,27,75324
01-06-2021,37,75361
02-06-2021,30,75391
03-06-2021,29,75420
04-06-2021,36,75456
05-06-2021,20,75476
06-06-2021,27,75503
07-06-2021,35,75538
08-06-2021,31,75569
09-06-2021,34,75603
10-06-2021,33,75636
11-06-2021,31,75667
12-06-2021,17,75684
13-06-2021,17,75701
14-06-2021,29,75730
15-06-2021,30,75760
16-06-2021,30,75790
17-06-2021,36,75826
18-06-2021,102,75928
19-06-2021,63,75991
20-06-2021,18,76009
21-06-2021,24,76033
22-06-2021,30,76063
23-06-2021,34,76097
24-06-2021,37,76134
25-06-2021,30,76164
26-06-2021,18,76182
27-06-2021,30,76212
28-06-2021,46,76258
29-06-2021,29,76287
30-06-2021,30,76317
01-07-2021,36,76353
02-07-2021,25,76378
03-07-2021,21,76399
04-07-2021,31,76430
05-07-2021,34,76464
06-07-2021,37,76501
07-07-2021,43,76544
08-07-2021,23,76567
09-07-2021,21,76588
10-07-2021,18,76606
11-07-2021,15,76621
12-07-2021,36,76657
13-07-2021,26,76683
14-07-2021,40,76723
15-07-2021,33,76756
16-07-2021,30,76786
17-07-2021,17,76803
18-07-2021,16,76819
19-07-2021,32,76851
20-07-2021,38,76889
21-07-2021,39,76928
22-07-2021,38,76966
23-07-2021,30,76996
24-07-2021,15,77011
25-07-2021,17,77028
26-07-2021,29,77057
27-07-2021,36,77093
28-07-2021,39,77132
29-07-2021,30,77162
30-07-2021,34,77196
31-07-2021,23,77219
01-08-2021,19,77238
02-08-2021,26,77264
03-08-2021,35,77299
04-08-2021,42,77341
05-08-2021,32,77373
06-08-2021,18,77391
07-08-2021,15,77406
08-08-2021,19,77425
09-08-2021,39,77464
10-08-2021,114,77578
11-08-2021,91,77669
12-08-2021,33,77702
13-08-2021,36,77738
14-08-2021,17,77755
15-08-2021,22,77777
16-08-2021,27,77804
17-08-2021,35,77839
18-08-2021,30,77869
19-08-2021,39,77908
20-08-2021,34,77942
21-08-2021,21,77963
22-08-2021,18,77981
23-08-2021,33,78014
24-08-2021,35,78049
25-08-2021,40,78089
26-08-2021,35,78124
27-08-2021,40,78164
28-08-2021,17,78181
29-08-2021,24,78205
30-08-2021,25,78230
31-08-2021,24,78254
01-09-2021,44,78298
02-09-2021,30,78328
03-09-2021,41,78369
04-09-2021,20,78389
05-09-2021,32,78421
06-09-2021,34,78455
07-09-2021,29,78484
08-09-2021,30,78514
09-09-2021,49,78563
10-09-2021,38,78601
11-09-2021,31,78632
12-09-2021,17,78649
13-09-2021,23,78672
14-09-2021,33,78705
15-09-2021,34,78739
16-09-2021,29,78768
17-09-2021,35,78803
18-09-2021,41,78844
19-09-2021,20,78864
20-09-2021,17,78881
21-09-2021,33,78914
22-09-2021,35,78949
23-09-2021,43,78992
24-09-2021,31,79023
25-09-2021,25,79048
26-09-2021,31,79079
27-09-2021,31,79110
28-09-2021,35,79145
29-09-2021,41,79186
30-09-2021,43,79229
01-10-2021,31,79260
02-10-2021,18,79278
03-10-2021,16,79294
04-10-2021,17,79311
05-10-2021,26,79337
06-10-2021,27,79364
07-10-2021,28,79392
08-10-2021,22,79414
09-10-2021,21,79435
10-10-2021,17,79452
11-10-2021,26,79478
12-10-2021,45,79523
13-10-2021,32,79555
14-10-2021,35,79590
15-10-2021,35,79625
16-10-2021,27,79652
17-10-2021,20,79672
18-10-2021,31,79703
19-10-2021,46,79749
20-10-2021,25,79774
21-10-2021,36,79810
22-10-2021,41,79851
23-10-2021,34,79885
24-10-2021,25,79910
25-10-2021,27,79937
26-10-2021,38,79975
27-10-2021,25,80000
28-10-2021,34,80034
29-10-2021,27,80061
30-10-2021,18,80079
31-10-2021,16,80095
01-11-2021,32,80127
02-11-2021,29,80156
03-11-2021,40,80196
04-11-2021,37,80233
05-11-2021,31,80264
06-11-2021,19,80283
07-11-2021,22,80305
08-11-2021,35,80340
09-11-2021,35,80375
10-11-2021,46,80421
11-11-2021,46,80467
12-11-2021,28,80495
13-11-2021,27,80522
14-11-2021,22,80544
15-11-2021,27,80571
16-11-2021,34,80605
17-11-2021,41,80646
18-11-2021,38,80684
19-11-2021,29,80713
20-11-2021,19,80732
21-11-2021,31,80763
22-11-2021,29,80792
23-11-2021,29,80821
24-11-2021,40,80861
25-11-2021,43,80904
26-11-2021,41,80945
27-11-2021,22,80967
28-11-2021,19,80986
29-11-2021,35,81021
30-11-2021,31,81052
01-12-2021,35,81087
02-12-2021,32,81119
03-12-2021,24,81143
04-12-2021,20,81163
05-12-2021,26,81189
06-12-2021,32,81221
07-12-2021,41,81262
08-12-2021,35,81297
09-12-2021,47,81344
10-12-2021,47,81391
11-12-2021,48,81439
12-12-2021,25,81464
13-12-2021,29,81493
14-12-2021,29,81522
15-12-2021,34,81556
16-12-2021,31,81587
17-12-2021,30,81617
18-12-2021,26,81643
19-12-2021,21,81664
20-12-2021,33,81697
21-12-2021,32,81729
22-12-2021,39,81768
23-12-2021,27,81795
24-12-2021,27,81822
25-12-2021,21,81843
26-12-2021,25,81868
27-12-2021,26,81894
28-12-2021,29,81923
29-12-2021,41,81964
30-12-2021,30,81994
31-12-2021,34,82028
01-01-2022,19,82047
02-01-2022,32,82079
03-01-2022,16,82095
04-01-2022,34,82129
05-01-2022,30,82159
06-01-2022,39,82198
07-01-2022,35,82233
08-01-2022,31,82264
09-01-2022,30,82294
10-01-2022,38,82332
11-01-2022,40,82372
12-01-2022,35,82407
13-01-2022,45,82452
14-01-2022,47,82499
15-01-2022,17,82516
16-01-2022,22,82538
17-01-2022,40,82578
18-01-2022,31,82609
19-01-2022,34,82643
20-01-2022,34,82677
21-01-2022,33,82710
22-01-2022,32,82742
23-01-2022,35,82777
24-01-2022,48,82825
25-01-2022,36,82861
26-01-2022,52,82913
27-01-2022,50,82963
28-01-2022,46,83009
29-01-2022,37,83046
30-01-2022,23,83069
31-01-2022,25,83094
01-02-2022,32,83126
02-02-2022,29,83155
03-02-2022,39,83194
04-02-2022,32,83226
05-02-2022,24,83250
06-02-2022,24,83274
07-02-2022,37,83311
08-02-2022,47,83358
09-02-2022,31,83389
10-02-2022,38,83427
11-02-2022,35,83462
12-02-2022,31,83493
13-02-2022,32,83525
14-02-2022,33,83558
15-02-2022,44,83602
16-02-2022,38,83640
17-02-2022,63,83703
18-02-2022,52,83755
19-02-2022,30,83785
20-02-2022,23,83808
21-02-2022,45,83853
22-02-2022,39,83892
23-02-2022,38,83930
24-02-2022,24,83954
25-02-2022,35,83989
26-02-2022,17,84006
27-02-2022,33,84039
28-02-2022,32,84071
01-03-2022,31,84102
02-03-2022,35,84137
03-03-2022,36,84173
04-03-2022,41,84214
05-03-2022,24,84238
06-03-2022,29,84267
07-03-2022,30,84297
08-03-2022,38,84335
09-03-2022,93,84428
10-03-2022,81,84509
11-03-2022,31,84540
12-03-2022,30,84570
13-03-2022,28,84598
14-03-2022,36,84634
15-03-2022,38,84672
16-03-2022,30,84702
17-03-2022,37,84739
18-03-2022,30,84769
19-03-2022,20,84789
20-03-2022,21,84810
21-03-2022,31,84841
22-03-2022,35,84876
23-03-2022,39,84915
24-03-2022,35,84950
25-03-2022,31,84981
26-03-2022,42,85023
27-03-2022,20,85043
28-03-2022,35,85078
29-03-2022,45,85123
30-03-2022,47,85170
31-03-2022,32,85202
01-04-2022,30,85232
02-04-2022,35,85267
03-04-2022,16,85283
04-04-2022,25,85308
05-04-2022,22,85330
06-04-2022,48,85378
07-04-2022,33,85411
08-04-2022,43,85454
09-04-2022,24,85478
10-04-2022,29,85507
11-04-2022,36,85543
12-04-2022,44,85587
13-04-2022,82,85669
14-04-2022,71,85740
15-04-2022,42,85782
16-04-2022,22,85804
17-04-2022,25,85829
18-04-2022,40,85869
19-04-2022,39,85908
20-04-2022,38,85946
21-04-2022,33,85979
22-04-2022,32,86011
23-04-2022,19,86030
24-04-2022,25,86055
25-04-2022,40,86095
26-04-2022,38,86133
27-04-2022,42,86175
28-04-2022,32,86207
29-04-2022,30,86237
30-04-2022,22,86259
01-05-2022,25,86284
02-05-2022,27,86311
03-05-2022,27,86338
04-05-2022,26,86364
05-05-2022,37,86401
06-05-2022,37,86438
07-05-2022,32,86470
08-05-2022,26,86496
09-05-2022,38,86534
10-05-2022,28,86562
11-05-2022,47,86609
12-05-2022,42,86651
13-05-2022,34,86685
14-05-2022,30,86715
15-05-2022,26,86741
16-05-2022,24,86765
17-05-2022,40,86805
18-05-2022,33,86838
19-05-2022,31,86869
20-05-2022,39,86908
21-05-2022,42,86950
22-05-2022,18,86968
23-05-2022,39,87007
24-05-2022,43,87050
25-05-2022,23,87073
26-05-2022,28,87101
27-05-2022,33,87134
28-05-2022,25,87159
29-05-2022,27,87186
30-05-2022,45,87231
31-05-2022,40,87271
01-06-2022,45,87316
02-06-2022,42,87358
03-06-2022,32,87390
04-06-2022,22,87412
05-06-2022,23,87435
06-06-2022,24,87459
07-06-2022,40,87499
08-06-2022,37,87536
09-06-2022,40,87576
10-06-2022,22,87598
11-06-2022,25,87623
12-06-2022,21,87644
13-06-2022,28,87672
14-06-2022,24,87696
15-06-2022,32,87728
16-06-2022,25,87753
17-06-2022,27,87780
18-06-2022,24,87804
19-06-2022,17,87821
20-06-2022,29,87850
21-06-2022,32,87882
22-06-2022,37,87919
23-06-2022,42,87961
24-06-2022,37,87998
25-06-2022,25,88023
26-06-2022,22,88045
27-06-2022,42,88087
28-06-2022,35,88122
29-06-2022,45,88167
30-06-2022,48,88215
01-07-2022,38,88253
02-07-2022,28,88281
03-07-2022,31,88312
04-07-2022,27,88339
05-07-2022,37,88376
06-07-2022,31,88407
07-07-2022,39,88446
08-07-2022,32,88478
09-07-2022,19,88497
10-07-2022,24,88521
11-07-2022,42,88563
12-07-2022,38,88601
13-07-2022,35,88636
14-07-2022,41,88677
15-07-2022,33,88710
16-07-2022,19,88729
17-07-2022,19,88748
18-07-2022,29,88777
19-07-2022,50,88827
20-07-2022,34,88861
21-07-2022,29,88890
22-07-2022,36,88926
23-07-2022,30,88956
24-07-2022,24,88980
25-07-2022,41,89021
26-07-2022,35,89056
27-07-2022,35,89091
28-07-2022,52,89143
29-07-2022,38,89181
30-07-2022,27,89208
31-07-2022,26,89234
01-08-2022,27,89261
02-08-2022,31,89292
03-08-2022,35,89327
04-08-2022,38,89365
05-08-2022,41,89406
06-08-2022,23,89429
07-08-2022,23,89452
08-08-2022,24,89476
09-08-2022,40,89516
10-08-2022,40,89556
11-08-2022,38,89594
12-08-2022,36,89630
13-08-2022,19,89649
14-08-2022,25,89674
15-08-2022,29,89703
16-08-2022,46,89749
17-08-2022,30,89779
18-08-2022,44,89823
19-08-2022,34,89857
20-08-2022,36,89893
21-08-2022,23,89916
22-08-2022,33,89949
23-08-2022,34,89983
24-08-2022,34,90017
25-08-2022,41,90058
26-08-2022,41,90099
27-08-2022,23,90122
28-08-2022,22,90144
29-08-2022,37,90181
30-08-2022,21,90202
31-08-2022,32,90234
01-09-2022,39,90273
02-09-2022,29,90302
03-09-2022,26,90328
04-09-2022,29,90357
05-09-2022,29,90386
06-09-2022,41,90427
07-09-2022,34,90461
08-09-2022,31,90492
09-09-2022,35,90527
10-09-2022,22,90549
11-09-2022,13,90562
12-09-2022,21,90583
13-09-2022,37,90620
14-09-2022,36,90656
15-09-2022,44,90700
16-09-2022,34,90734
17-09-2022,19,90753
18-09-2022,31,90784
19-09-2022,31,90815
20-09-2022,38,90853
21-09-2022,35,90888
22-09-2022,39,90927
23-09-2022,38,90965
24-09-2022,21,90986
25-09-2022,21,91007
26-09-2022,24,91031
27-09-2022,38,91069
28-09-2022,33,91102
29-09-2022,32,91134
30-09-2022,31,91165
01-10-2022,17,91182
02-10-2022,27,91209
03-10-2022,22,91231
04-10-2022,19,91250
05-10-2022,36,91286
06-10-2022,34,91320
07-10-2022,26,91346
08-10-2022,24,91370
09-10-2022,27,91397
10-10-2022,39,91436
11-10-2022,37,91473
12-10-2022,31,91504
13-10-2022,43,91547
14-10-2022,39,91586
15-10-2022,25,91611
16-10-2022,19,91630
17-10-2022,27,91657
18-10-2022,37,91694
19-10-2022,40,91734
20-10-2022,27,91761
21-10-2022,24,91785
22-10-2022,27,91812
23-10-2022,26,91838
24-10-2022,22,91860
25-10-2022,43,91903
26-10-2022,26,91929
27-10-2022,30,91959
28-10-2022,30,91989
29-10-2022,19,92008
30-10-2022,30,92038
31-10-2022,40,92078
01-11-2022,24,92102
02-11-2022,41,92143
03-11-2022,39,92182
04-11-2022,33,92215
05-11-2022,23,92238
06-11-2022,26,92264
07-11-2022,33,92297
08-11-2022,35,92332
09-11-2022,32,92364
10-11-2022,34,92398
11-11-2022,40,92438
12-11-2022,23,92461
13-11-2022,12,92473
14-11-2022,29,92502
15-11-2022,37,92539
16-11-2022,36,92575
17-11-2022,33,92608
18-11-2022,29,92637
19-11-2022,23,92660
20-11-2022,28,92688
21-11-2022,26,92714
22-11-2022,29,92743
23-11-2022,27,92770
24-11-2022,19,92789
25-11-2022,36,92825
26-11-2022,22,92847
27-11-2022,23,92870
28-11-2022,29,92899
29-11-2022,30,92929
30-11-2022,34,92963
01-12-2022,15,92978
02-12-2022,37,93015
03-12-2022,27,93042
04-12-2022,16,93058
05-12-2022,25,93083
06-12-2022,21,93104
07-12-2022,21,93125
08-12-2022,30,93155
09-12-2022,30,93185
10-12-2022,25,93210
11-12-2022,19,93229
12-12-2022,27,93256
13-12-2022,27,93283
14-12-2022,34,93317
15-12-2022,19,93336
16-12-2022,24,93360
17-12-2022,20,93380
18-12-2022,17,93397
19-12-2022,20,93417
20-12-2022,26,93443
21-12-2022,29,93472
22-12-2022,18,93490
23-12-2022,29,93519
24-12-2022,15,93534
25-12-2022,16,93550
26-12-2022,20,93570
27-12-2022,29,93599
28-12-2022,36,93635
29-12-2022,23,93658
30-12-2022,21,93679
31-12-2022,17,93696
01-01-2023,16,93712
02-01-2023,26,93738
03-01-2023,28,93766
04-01-2023,35,93801
05-01-2023,19,93820
06-01-2023,27,93847
07-01-2023,14,93861
08-01-2023,19,93880
09-01-2023,33,93913
10-01-2023,41,93954
11-01-2023,36,93990
12-01-2023,36,94026
13-01-2023,32,94058
14-01-2023,21,94079
15-01-2023,21,94100
16-01-2023,21,94121
17-01-2023,33,94154
18-01-2023,25,94179
19-01-2023,23,94202
20-01-2023,29,94231
21-01-2023,14,94245
22-01-2023,12,94257
23-01-2023,34,94291
24-01-2023,20,94311
25-01-2023,22,94333
26-01-2023,29,94362
27-01-2023,23,94385
28-01-2023,20,94405
29-01-2023,17,94422
30-01-2023,28,94450
31-01-2023,32,94482
01-02-2023,30,94512
02-02-2023,34,94546
03-02-2023,37,94583
04-02-2023,20,94603
05-02-2023,12,94615
06-02-2023,37,94652
07-02-2023,28,94680
08-02-2023,29,94709
09-02-2023,31,94740
10-02-2023,31,94771
11-02-2023,20,94791
12-02-2023,24,94815
13-02-2023,18,94833
14-02-2023,38,94871
15-02-2023,27,94898
16-02-2023,37,94935
17-02-2023,36,94971
18-02-2023,18,94989
19-02-2023,17,95006
20-02-2023,25,95031
21-02-2023,38,95069
22-02-2023,40,95109
23-02-2023,47,95156
24-02-2023,44,95200
25-02-2023,22,95222
26-02-2023,31,95253
27-02-2023,37,95290
28-02-2023,41,95331
01-03-2023,40,95371
02-03-2023,44,95415
03-03-2023,30,95445
04-03-2023,25,95470
05-03-2023,22,95492
06-03-2023,19,95511
07-03-2023,31,95542
08-03-2023,30,95572
09-03-2023,29,95601
10-03-2023,24,95625
11-03-2023,28,95653
12-03-2023,17,95670
13-03-2023,25,95695
14-03-2023,39,95734
15-03-2023,37,95771
16-03-2023,32,95803
17-03-2023,37,95840
18-03-2023,24,95864
19-03-2023,28,95892
20-03-2023,32,95924
21-03-2023,29,95953
22-03-2023,25,95978
23-03-2023,26,96004
24-03-2023,20,96024
25-03-2023,14,96038
26-03-2023,23,96061
27-03-2023,21,96082
28-03-2023,38,96120
29-03-2023,26,96146
30-03-2023,29,96175
31-03-2023,32,96207
01-04-2023,37,96244
02-04-2023,23,96267
03-04-2023,43,96310
04-04-2023,50,96360
05-04-2023,44,96404
06-04-2023,29,96433
07-04-2023,30,96463
08-04-2023,19,96482
09-04-2023,26,96508
10-04-2023,35,96543
11-04-2023,38,96581
12-04-2023,38,96619
13-04-2023,36,96655
14-04-2023,47,96702
15-04-2023,27,96729
16-04-2023,25,96754
17-04-2023,37,96791
18-04-2023,38,96829
19-04-2023,39,96868
20-04-2023,43,96911
21-04-2023,36,96947
22-04-2023,25,96972
23-04-2023,23,96995
24-04-2023,38,97033
25-04-2023,42,97075
26-04-2023,42,97117
27-04-2023,48,97165
28-04-2023,34,97199
29-04-2023,13,97212
30-04-2023,23,97235
01-05-2023,23,97258
02-05-2023,22,97280
03-05-2023,23,97303
04-05-2023,27,97330
05-05-2023,18,97348
06-05-2023,32,97380
07-05-2023,16,97396
08-05-2023,29,97425
09-05-2023,45,97470
10-05-2023,45,97515
11-05-2023,29,97544
12-05-2023,41,97585
13-05-2023,22,97607
14-05-2023,23,97630
15-05-2023,32,97662
16-05-2023,42,97704
17-05-2023,42,97746
18-05-2023,34,97780
19-05-2023,40,97820
20-05-2023,19,97839
21-05-2023,34,97873
22-05-2023,34,97907
23-05-2023,36,97943
24-05-2023,45,97988
25-05-2023,46,98034
26-05-2023,21,98055
27-05-2023,23,98078
28-05-2023,16,98094
29-05-2023,34,98128
30-05-2023,31,98159
31-05-2023,33,98192
01-06-2023,37,98229
02-06-2023,39,98268
03-06-2023,27,98295
04-06-2023,17,98312
05-06-2023,25,98337
06-06-2023,37,98374
07-06-2023,51,98425
08-06-2023,40,98465
09-06-2023,31,98496
10-06-2023,19,98515
11-06-2023,20,98535
12-06-2023,34,98569
13-06-2023,28,98597
14-06-2023,37,98634
15-06-2023,29,98663
16-06-2023,31,98694
17-06-2023,16,98710
18-06-2023,18,98728
19-06-2023,33,98761
20-06-2023,35,98796
21-06-2023,42,98838
22-06-2023,38,98876
23-06-2023,20,98896
24-06-2023,19,98915
25-06-2023,22,98937
26-06-2023,32,98969
27-06-2023,26,98995
28-06-2023,31,99026
29-06-2023,42,99068
30-06-2023,38,99106
01-07-2023,28,99134
02-07-2023,21,99155
03-07-2023,35,99190
04-07-2023,32,99222
05-07-2023,32,99254
06-07-2023,39,99293
07-07-2023,34,99327
08-07-2023,20,99347
09-07-2023,20,99367
10-07-2023,44,99411
11-07-2023,58,99469
12-07-2023,51,99520
13-07-2023,82,99602
14-07-2023,61,99663
15-07-2023,24,99687
16-07-2023,14,99701
17-07-2023,26,99727
18-07-2023,37,99764
19-07-2023,30,99794
20-07-2023,34,99828
21-07-2023,20,99848
22-07-2023,20,99868
23-07-2023,22,99890
24-07-2023,36,99926
25-07-2023,26,99952
26-07-2023,31,99983
27-07-2023,34,100017
28-07-2023,38,100055
29-07-2023,13,100068
30-07-2023,19,100087
31-07-2023,24,100111
01-08-2023,28,100139
02-08-2023,34,100173
03-08-2023,30,100203
04-08-2023,36,100239
05-08-2023,26,100265
06-08-2023,22,100287
07-08-2023,35,100322
08-08-2023,32,100354
09-08-2023,36,100390
10-08-2023,41,100431
11-08-2023,31,100462
12-08-2023,16,100478
13-08-2023,25,100503
14-08-2023,24,100527
15-08-2023,30,100557
16-08-2023,32,100589
17-08-2023,30,100619
18-08-2023,31,100650
19-08-2023,27,100677
20-08-2023,17,100694
21-08-2023,30,100724
22-08-2023,38,100762
23-08-2023,31,100793
24-08-2023,26,100819
25-08-2023,16,100835
26-08-2023,15,100850
27-08-2023,24,100874
28-08-2023,31,100905
29-08-2023,37,100942
30-08-2023,29,100971
31-08-2023,28,100999
01-09-2023,25,101024
02-09-2023,19,101043
03-09-2023,23,101066
04-09-2023,31,101097
05-09-2023,46,101143
06-09-2023,50,101193
07-09-2023,33,101226
08-09-2023,32,101258
09-09-2023,22,101280
10-09-2023,18,101298
11-09-2023,40,101338
12-09-2023,37,101375
13-09-2023,32,101407
14-09-2023,20,101427
15-09-2023,38,101465
16-09-2023,33,101498
17-09-2023,26,101524
18-09-2023,34,101558
19-09-2023,36,101594
20-09-2023,26,101620
21-09-2023,13,101633
22-09-2023,39,101672
23-09-2023,22,101694
24-09-2023,21,101715
25-09-2023,27,101742
26-09-2023,26,101768
27-09-2023,35,101803
28-09-2023,20,101823
29-09-2023,19,101842
30-09-2023,22,101864
01-10-2023,12,101876
02-10-2023,18,101894
03-10-2023,27,101921
04-10-2023,26,101947
05-10-2023,27,101974
06-10-2023,23,101997
07-10-2023,28,102025
08-10-2023,15,102040
09-10-2023,22,102062
10-10-2023,35,102097
11-10-2023,32,102129
12-10-2023,53,102182
13-10-2023,31,102213
14-10-2023,24,102237
15-10-2023,13,102250
16-10-2023,31,102281
17-10-2023,25,102306
18-10-2023,30,102336
19-10-2023,29,102365
20-10-2023,17,102382
