date,daily-stars,total-stars
06-06-2014,0,0
07-06-2014,0,0
08-06-2014,0,0
09-06-2014,317,317
10-06-2014,442,759
11-06-2014,158,917
12-06-2014,96,1013
13-06-2014,31,1044
14-06-2014,37,1081
15-06-2014,80,1161
16-06-2014,63,1224
17-06-2014,55,1279
18-06-2014,34,1313
19-06-2014,26,1339
20-06-2014,12,1351
21-06-2014,10,1361
22-06-2014,18,1379
23-06-2014,10,1389
24-06-2014,10,1399
25-06-2014,19,1418
26-06-2014,19,1437
27-06-2014,7,1444
28-06-2014,8,1452
29-06-2014,12,1464
30-06-2014,16,1480
01-07-2014,23,1503
02-07-2014,9,1512
03-07-2014,12,1524
04-07-2014,1,1525
05-07-2014,6,1531
06-07-2014,9,1540
07-07-2014,13,1553
08-07-2014,12,1565
09-07-2014,165,1730
10-07-2014,248,1978
11-07-2014,59,2037
12-07-2014,33,2070
13-07-2014,47,2117
14-07-2014,43,2160
15-07-2014,27,2187
16-07-2014,28,2215
17-07-2014,28,2243
18-07-2014,13,2256
19-07-2014,19,2275
20-07-2014,23,2298
21-07-2014,17,2315
22-07-2014,28,2343
23-07-2014,29,2372
24-07-2014,21,2393
25-07-2014,4,2397
26-07-2014,8,2405
27-07-2014,18,2423
28-07-2014,16,2439
29-07-2014,26,2465
30-07-2014,35,2500
31-07-2014,14,2514
01-08-2014,10,2524
02-08-2014,7,2531
03-08-2014,9,2540
04-08-2014,16,2556
05-08-2014,11,2567
06-08-2014,8,2575
07-08-2014,11,2586
08-08-2014,5,2591
09-08-2014,5,2596
10-08-2014,11,2607
11-08-2014,12,2619
12-08-2014,12,2631
13-08-2014,12,2643
14-08-2014,12,2655
15-08-2014,7,2662
16-08-2014,12,2674
17-08-2014,20,2694
18-08-2014,33,2727
19-08-2014,27,2754
20-08-2014,11,2765
21-08-2014,15,2780
22-08-2014,4,2784
23-08-2014,6,2790
24-08-2014,26,2816
25-08-2014,20,2836
26-08-2014,20,2856
27-08-2014,19,2875
28-08-2014,22,2897
29-08-2014,16,2913
30-08-2014,8,2921
31-08-2014,16,2937
01-09-2014,18,2955
02-09-2014,19,2974
03-09-2014,15,2989
04-09-2014,19,3008
05-09-2014,5,3013
06-09-2014,3,3016
07-09-2014,12,3028
08-09-2014,21,3049
09-09-2014,13,3062
10-09-2014,19,3081
11-09-2014,8,3089
12-09-2014,6,3095
13-09-2014,12,3107
14-09-2014,16,3123
15-09-2014,14,3137
16-09-2014,14,3151
17-09-2014,12,3163
18-09-2014,26,3189
19-09-2014,14,3203
20-09-2014,9,3212
21-09-2014,13,3225
22-09-2014,14,3239
23-09-2014,24,3263
24-09-2014,16,3279
25-09-2014,13,3292
26-09-2014,10,3302
27-09-2014,5,3307
28-09-2014,15,3322
29-09-2014,20,3342
30-09-2014,12,3354
01-10-2014,15,3369
02-10-2014,7,3376
03-10-2014,6,3382
04-10-2014,6,3388
05-10-2014,13,3401
06-10-2014,18,3419
07-10-2014,18,3437
08-10-2014,10,3447
09-10-2014,14,3461
10-10-2014,8,3469
11-10-2014,9,3478
12-10-2014,9,3487
13-10-2014,10,3497
14-10-2014,16,3513
15-10-2014,15,3528
16-10-2014,12,3540
17-10-2014,9,3549
18-10-2014,8,3557
19-10-2014,12,3569
20-10-2014,14,3583
21-10-2014,15,3598
22-10-2014,19,3617
23-10-2014,12,3629
24-10-2014,8,3637
25-10-2014,9,3646
26-10-2014,15,3661
27-10-2014,12,3673
28-10-2014,13,3686
29-10-2014,25,3711
30-10-2014,14,3725
31-10-2014,10,3735
01-11-2014,10,3745
02-11-2014,15,3760
03-11-2014,58,3818
04-11-2014,70,3888
05-11-2014,27,3915
06-11-2014,31,3946
07-11-2014,9,3955
08-11-2014,17,3972
09-11-2014,27,3999
10-11-2014,61,4060
11-11-2014,53,4113
12-11-2014,54,4167
13-11-2014,26,4193
14-11-2014,21,4214
15-11-2014,14,4228
16-11-2014,25,4253
17-11-2014,21,4274
18-11-2014,20,4294
19-11-2014,32,4326
20-11-2014,20,4346
21-11-2014,18,4364
22-11-2014,16,4380
23-11-2014,20,4400
24-11-2014,15,4415
25-11-2014,18,4433
26-11-2014,32,4465
27-11-2014,32,4497
28-11-2014,11,4508
29-11-2014,22,4530
30-11-2014,16,4546
01-12-2014,23,4569
02-12-2014,22,4591
03-12-2014,46,4637
04-12-2014,23,4660
05-12-2014,17,4677
06-12-2014,10,4687
07-12-2014,11,4698
08-12-2014,20,4718
09-12-2014,17,4735
10-12-2014,19,4754
11-12-2014,14,4768
12-12-2014,13,4781
13-12-2014,14,4795
14-12-2014,14,4809
15-12-2014,19,4828
16-12-2014,18,4846
17-12-2014,10,4856
18-12-2014,11,4867
19-12-2014,11,4878
20-12-2014,9,4887
21-12-2014,9,4896
22-12-2014,14,4910
23-12-2014,5,4915
24-12-2014,7,4922
25-12-2014,8,4930
26-12-2014,6,4936
27-12-2014,6,4942
28-12-2014,10,4952
29-12-2014,10,4962
30-12-2014,6,4968
31-12-2014,7,4975
01-01-2015,8,4983
02-01-2015,9,4992
03-01-2015,11,5003
04-01-2015,14,5017
05-01-2015,9,5026
06-01-2015,13,5039
07-01-2015,12,5051
08-01-2015,14,5065
09-01-2015,6,5071
10-01-2015,6,5077
11-01-2015,11,5088
12-01-2015,12,5100
13-01-2015,16,5116
14-01-2015,17,5133
15-01-2015,12,5145
16-01-2015,6,5151
17-01-2015,10,5161
18-01-2015,13,5174
19-01-2015,14,5188
20-01-2015,13,5201
21-01-2015,15,5216
22-01-2015,12,5228
23-01-2015,8,5236
24-01-2015,11,5247
25-01-2015,7,5254
26-01-2015,16,5270
27-01-2015,14,5284
28-01-2015,19,5303
29-01-2015,17,5320
30-01-2015,7,5327
31-01-2015,13,5340
01-02-2015,25,5365
02-02-2015,14,5379
03-02-2015,20,5399
04-02-2015,15,5414
05-02-2015,14,5428
06-02-2015,13,5441
07-02-2015,4,5445
08-02-2015,12,5457
09-02-2015,22,5479
10-02-2015,13,5492
11-02-2015,12,5504
12-02-2015,15,5519
13-02-2015,8,5527
14-02-2015,9,5536
15-02-2015,21,5557
16-02-2015,10,5567
17-02-2015,10,5577
18-02-2015,10,5587
19-02-2015,3,5590
20-02-2015,7,5597
21-02-2015,9,5606
22-02-2015,7,5613
23-02-2015,11,5624
24-02-2015,19,5643
25-02-2015,15,5658
26-02-2015,17,5675
27-02-2015,9,5684
28-02-2015,6,5690
01-03-2015,6,5696
02-03-2015,23,5719
03-03-2015,19,5738
04-03-2015,11,5749
05-03-2015,13,5762
06-03-2015,10,5772
07-03-2015,8,5780
08-03-2015,12,5792
09-03-2015,16,5808
10-03-2015,11,5819
11-03-2015,14,5833
12-03-2015,18,5851
13-03-2015,5,5856
14-03-2015,11,5867
15-03-2015,13,5880
16-03-2015,18,5898
17-03-2015,19,5917
18-03-2015,14,5931
19-03-2015,12,5943
20-03-2015,13,5956
21-03-2015,5,5961
22-03-2015,11,5972
23-03-2015,16,5988
24-03-2015,15,6003
25-03-2015,15,6018
26-03-2015,16,6034
27-03-2015,7,6041
28-03-2015,8,6049
29-03-2015,15,6064
30-03-2015,16,6080
31-03-2015,20,6100
01-04-2015,18,6118
02-04-2015,14,6132
03-04-2015,7,6139
04-04-2015,9,6148
05-04-2015,33,6181
06-04-2015,33,6214
07-04-2015,21,6235
08-04-2015,19,6254
09-04-2015,16,6270
10-04-2015,8,6278
11-04-2015,10,6288
12-04-2015,18,6306
13-04-2015,18,6324
14-04-2015,20,6344
15-04-2015,22,6366
16-04-2015,24,6390
17-04-2015,16,6406
18-04-2015,23,6429
19-04-2015,17,6446
20-04-2015,27,6473
21-04-2015,14,6487
22-04-2015,25,6512
23-04-2015,37,6549
24-04-2015,13,6562
25-04-2015,8,6570
26-04-2015,13,6583
27-04-2015,17,6600
28-04-2015,12,6612
29-04-2015,13,6625
30-04-2015,16,6641
01-05-2015,7,6648
02-05-2015,3,6651
03-05-2015,8,6659
04-05-2015,22,6681
05-05-2015,25,6706
06-05-2015,19,6725
07-05-2015,16,6741
08-05-2015,9,6750
09-05-2015,10,6760
10-05-2015,9,6769
11-05-2015,18,6787
12-05-2015,19,6806
13-05-2015,19,6825
14-05-2015,16,6841
15-05-2015,8,6849
16-05-2015,9,6858
17-05-2015,22,6880
18-05-2015,64,6944
19-05-2015,30,6974
20-05-2015,34,7008
21-05-2015,25,7033
22-05-2015,6,7039
23-05-2015,6,7045
24-05-2015,17,7062
25-05-2015,11,7073
26-05-2015,12,7085
27-05-2015,26,7111
28-05-2015,18,7129
29-05-2015,5,7134
30-05-2015,8,7142
31-05-2015,12,7154
01-06-2015,19,7173
02-06-2015,39,7212
03-06-2015,33,7245
04-06-2015,24,7269
05-06-2015,6,7275
06-06-2015,10,7285
07-06-2015,18,7303
08-06-2015,19,7322
09-06-2015,33,7355
10-06-2015,61,7416
11-06-2015,48,7464
12-06-2015,22,7486
13-06-2015,16,7502
14-06-2015,30,7532
15-06-2015,23,7555
16-06-2015,16,7571
17-06-2015,20,7591
18-06-2015,17,7608
19-06-2015,9,7617
20-06-2015,9,7626
21-06-2015,13,7639
22-06-2015,18,7657
23-06-2015,14,7671
24-06-2015,25,7696
25-06-2015,11,7707
26-06-2015,10,7717
27-06-2015,6,7723
28-06-2015,16,7739
29-06-2015,16,7755
30-06-2015,16,7771
01-07-2015,20,7791
02-07-2015,10,7801
03-07-2015,8,7809
04-07-2015,4,7813
05-07-2015,11,7824
06-07-2015,14,7838
07-07-2015,17,7855
08-07-2015,20,7875
09-07-2015,18,7893
10-07-2015,15,7908
11-07-2015,17,7925
12-07-2015,26,7951
13-07-2015,19,7970
14-07-2015,15,7985
15-07-2015,22,8007
16-07-2015,13,8020
17-07-2015,9,8029
18-07-2015,13,8042
19-07-2015,19,8061
20-07-2015,104,8165
21-07-2015,74,8239
22-07-2015,52,8291
23-07-2015,32,8323
24-07-2015,24,8347
25-07-2015,16,8363
26-07-2015,32,8395
27-07-2015,31,8426
28-07-2015,21,8447
29-07-2015,21,8468
30-07-2015,13,8481
31-07-2015,11,8492
01-08-2015,7,8499
02-08-2015,15,8514
03-08-2015,10,8524
04-08-2015,17,8541
05-08-2015,20,8561
06-08-2015,12,8573
07-08-2015,12,8585
08-08-2015,8,8593
09-08-2015,20,8613
10-08-2015,21,8634
11-08-2015,33,8667
12-08-2015,17,8684
13-08-2015,13,8697
14-08-2015,4,8701
15-08-2015,9,8710
16-08-2015,17,8727
17-08-2015,20,8747
18-08-2015,25,8772
19-08-2015,19,8791
20-08-2015,17,8808
21-08-2015,15,8823
22-08-2015,7,8830
23-08-2015,12,8842
24-08-2015,12,8854
25-08-2015,12,8866
26-08-2015,15,8881
27-08-2015,13,8894
28-08-2015,12,8906
29-08-2015,15,8921
30-08-2015,22,8943
31-08-2015,21,8964
01-09-2015,27,8991
02-09-2015,17,9008
03-09-2015,16,9024
04-09-2015,9,9033
05-09-2015,9,9042
06-09-2015,13,9055
07-09-2015,25,9080
08-09-2015,16,9096
09-09-2015,24,9120
10-09-2015,14,9134
11-09-2015,6,9140
12-09-2015,6,9146
13-09-2015,27,9173
14-09-2015,25,9198
15-09-2015,22,9220
16-09-2015,20,9240
17-09-2015,16,9256
18-09-2015,16,9272
19-09-2015,13,9285
20-09-2015,14,9299
21-09-2015,30,9329
22-09-2015,16,9345
23-09-2015,12,9357
24-09-2015,17,9374
25-09-2015,12,9386
26-09-2015,9,9395
27-09-2015,24,9419
28-09-2015,13,9432
29-09-2015,13,9445
30-09-2015,11,9456
01-10-2015,9,9465
02-10-2015,9,9474
03-10-2015,8,9482
04-10-2015,15,9497
05-10-2015,15,9512
06-10-2015,15,9527
07-10-2015,14,9541
08-10-2015,14,9555
09-10-2015,10,9565
10-10-2015,6,9571
11-10-2015,19,9590
12-10-2015,26,9616
13-10-2015,15,9631
14-10-2015,20,9651
15-10-2015,14,9665
16-10-2015,12,9677
17-10-2015,6,9683
18-10-2015,16,9699
19-10-2015,23,9722
20-10-2015,15,9737
21-10-2015,19,9756
22-10-2015,7,9763
23-10-2015,12,9775
24-10-2015,7,9782
25-10-2015,21,9803
26-10-2015,24,9827
27-10-2015,21,9848
28-10-2015,14,9862
29-10-2015,30,9892
30-10-2015,9,9901
31-10-2015,7,9908
01-11-2015,24,9932
02-11-2015,17,9949
03-11-2015,22,9971
04-11-2015,27,9998
05-11-2015,20,10018
06-11-2015,10,10028
07-11-2015,9,10037
08-11-2015,20,10057
09-11-2015,32,10089
10-11-2015,17,10106
11-11-2015,25,10131
12-11-2015,24,10155
13-11-2015,13,10168
14-11-2015,9,10177
15-11-2015,19,10196
16-11-2015,12,10208
17-11-2015,18,10226
18-11-2015,15,10241
19-11-2015,18,10259
20-11-2015,5,10264
21-11-2015,9,10273
22-11-2015,18,10291
23-11-2015,25,10316
24-11-2015,30,10346
25-11-2015,20,10366
26-11-2015,20,10386
27-11-2015,6,10392
28-11-2015,12,10404
29-11-2015,16,10420
30-11-2015,27,10447
01-12-2015,16,10463
02-12-2015,20,10483
03-12-2015,10,10493
04-12-2015,10,10503
05-12-2015,15,10518
06-12-2015,23,10541
07-12-2015,17,10558
08-12-2015,18,10576
09-12-2015,16,10592
10-12-2015,10,10602
11-12-2015,8,10610
12-12-2015,3,10613
13-12-2015,11,10624
14-12-2015,13,10637
15-12-2015,13,10650
16-12-2015,13,10663
17-12-2015,8,10671
18-12-2015,5,10676
19-12-2015,5,10681
20-12-2015,10,10691
21-12-2015,7,10698
22-12-2015,10,10708
23-12-2015,7,10715
24-12-2015,7,10722
25-12-2015,4,10726
26-12-2015,7,10733
27-12-2015,17,10750
28-12-2015,16,10766
29-12-2015,11,10777
30-12-2015,10,10787
31-12-2015,5,10792
01-01-2016,7,10799
02-01-2016,2,10801
03-01-2016,17,10818
04-01-2016,16,10834
05-01-2016,24,10858
06-01-2016,13,10871
07-01-2016,13,10884
08-01-2016,7,10891
09-01-2016,10,10901
10-01-2016,12,10913
11-01-2016,28,10941
12-01-2016,19,10960
13-01-2016,25,10985
14-01-2016,19,11004
15-01-2016,11,11015
16-01-2016,9,11024
17-01-2016,19,11043
18-01-2016,22,11065
19-01-2016,22,11087
20-01-2016,23,11110
21-01-2016,21,11131
22-01-2016,9,11140
23-01-2016,10,11150
24-01-2016,21,11171
25-01-2016,28,11199
26-01-2016,21,11220
27-01-2016,17,11237
28-01-2016,18,11255
29-01-2016,15,11270
30-01-2016,13,11283
31-01-2016,11,11294
01-02-2016,12,11306
02-02-2016,23,11329
03-02-2016,13,11342
04-02-2016,19,11361
05-02-2016,13,11374
06-02-2016,9,11383
07-02-2016,15,11398
08-02-2016,11,11409
09-02-2016,13,11422
10-02-2016,17,11439
11-02-2016,18,11457
12-02-2016,8,11465
13-02-2016,21,11486
14-02-2016,18,11504
15-02-2016,26,11530
16-02-2016,16,11546
17-02-2016,21,11567
18-02-2016,26,11593
19-02-2016,10,11603
20-02-2016,9,11612
21-02-2016,13,11625
22-02-2016,26,11651
23-02-2016,24,11675
24-02-2016,15,11690
25-02-2016,32,11722
26-02-2016,12,11734
27-02-2016,17,11751
28-02-2016,22,11773
29-02-2016,18,11791
01-03-2016,17,11808
02-03-2016,23,11831
03-03-2016,13,11844
04-03-2016,8,11852
05-03-2016,13,11865
06-03-2016,11,11876
07-03-2016,20,11896
08-03-2016,17,11913
09-03-2016,25,11938
10-03-2016,21,11959
11-03-2016,14,11973
12-03-2016,18,11991
13-03-2016,20,12011
14-03-2016,20,12031
15-03-2016,22,12053
16-03-2016,25,12078
17-03-2016,21,12099
18-03-2016,20,12119
19-03-2016,28,12147
20-03-2016,31,12178
21-03-2016,29,12207
22-03-2016,23,12230
23-03-2016,23,12253
24-03-2016,24,12277
25-03-2016,18,12295
26-03-2016,13,12308
27-03-2016,29,12337
28-03-2016,32,12369
29-03-2016,25,12394
30-03-2016,15,12409
31-03-2016,12,12421
01-04-2016,7,12428
02-04-2016,7,12435
03-04-2016,18,12453
04-04-2016,14,12467
05-04-2016,13,12480
06-04-2016,24,12504
07-04-2016,13,12517
08-04-2016,12,12529
09-04-2016,9,12538
10-04-2016,22,12560
11-04-2016,15,12575
12-04-2016,15,12590
13-04-2016,23,12613
14-04-2016,17,12630
15-04-2016,11,12641
16-04-2016,11,12652
17-04-2016,22,12674
18-04-2016,18,12692
19-04-2016,23,12715
20-04-2016,24,12739
21-04-2016,15,12754
22-04-2016,11,12765
23-04-2016,13,12778
24-04-2016,20,12798
25-04-2016,29,12827
26-04-2016,16,12843
27-04-2016,17,12860
28-04-2016,19,12879
29-04-2016,16,12895
30-04-2016,7,12902
01-05-2016,11,12913
02-05-2016,11,12924
03-05-2016,24,12948
04-05-2016,15,12963
05-05-2016,24,12987
06-05-2016,3,12990
07-05-2016,12,13002
08-05-2016,11,13013
09-05-2016,13,13026
10-05-2016,26,13052
11-05-2016,23,13075
12-05-2016,18,13093
13-05-2016,14,13107
14-05-2016,7,13114
15-05-2016,22,13136
16-05-2016,16,13152
17-05-2016,16,13168
18-05-2016,20,13188
19-05-2016,15,13203
20-05-2016,12,13215
21-05-2016,15,13230
22-05-2016,14,13244
23-05-2016,22,13266
24-05-2016,32,13298
25-05-2016,26,13324
26-05-2016,19,13343
27-05-2016,11,13354
28-05-2016,4,13358
29-05-2016,13,13371
30-05-2016,22,13393
31-05-2016,17,13410
01-06-2016,24,13434
02-06-2016,15,13449
03-06-2016,12,13461
04-06-2016,5,13466
05-06-2016,17,13483
06-06-2016,18,13501
07-06-2016,18,13519
08-06-2016,19,13538
09-06-2016,18,13556
10-06-2016,10,13566
11-06-2016,14,13580
12-06-2016,9,13589
13-06-2016,13,13602
14-06-2016,18,13620
15-06-2016,21,13641
16-06-2016,18,13659
17-06-2016,11,13670
18-06-2016,13,13683
19-06-2016,16,13699
20-06-2016,14,13713
21-06-2016,26,13739
22-06-2016,15,13754
23-06-2016,22,13776
24-06-2016,8,13784
25-06-2016,6,13790
26-06-2016,9,13799
27-06-2016,13,13812
28-06-2016,24,13836
29-06-2016,22,13858
30-06-2016,19,13877
01-07-2016,34,13911
02-07-2016,26,13937
03-07-2016,26,13963
04-07-2016,19,13982
05-07-2016,22,14004
06-07-2016,28,14032
07-07-2016,22,14054
08-07-2016,14,14068
09-07-2016,15,14083
10-07-2016,30,14113
11-07-2016,22,14135
12-07-2016,24,14159
13-07-2016,18,14177
14-07-2016,24,14201
15-07-2016,4,14205
16-07-2016,11,14216
17-07-2016,20,14236
18-07-2016,23,14259
19-07-2016,24,14283
20-07-2016,20,14303
21-07-2016,29,14332
22-07-2016,10,14342
23-07-2016,19,14361
24-07-2016,21,14382
25-07-2016,22,14404
26-07-2016,30,14434
27-07-2016,21,14455
28-07-2016,22,14477
29-07-2016,8,14485
30-07-2016,13,14498
31-07-2016,25,14523
01-08-2016,24,14547
02-08-2016,12,14559
03-08-2016,18,14577
04-08-2016,27,14604
05-08-2016,10,14614
06-08-2016,8,14622
07-08-2016,17,14639
08-08-2016,22,14661
09-08-2016,20,14681
10-08-2016,17,14698
11-08-2016,17,14715
12-08-2016,12,14727
13-08-2016,11,14738
14-08-2016,15,14753
15-08-2016,14,14767
16-08-2016,17,14784
17-08-2016,21,14805
18-08-2016,14,14819
19-08-2016,13,14832
20-08-2016,12,14844
21-08-2016,19,14863
22-08-2016,14,14877
23-08-2016,25,14902
24-08-2016,17,14919
25-08-2016,16,14935
26-08-2016,18,14953
27-08-2016,10,14963
28-08-2016,22,14985
29-08-2016,31,15016
30-08-2016,19,15035
31-08-2016,26,15061
01-09-2016,11,15072
02-09-2016,7,15079
03-09-2016,13,15092
04-09-2016,14,15106
05-09-2016,25,15131
06-09-2016,27,15158
07-09-2016,22,15180
08-09-2016,52,15232
09-09-2016,29,15261
10-09-2016,17,15278
11-09-2016,29,15307
12-09-2016,28,15335
13-09-2016,24,15359
14-09-2016,27,15386
15-09-2016,24,15410
16-09-2016,9,15419
17-09-2016,16,15435
18-09-2016,34,15469
19-09-2016,17,15486
20-09-2016,25,15511
21-09-2016,25,15536
22-09-2016,16,15552
23-09-2016,12,15564
24-09-2016,11,15575
25-09-2016,32,15607
26-09-2016,36,15643
27-09-2016,43,15686
28-09-2016,40,15726
29-09-2016,36,15762
30-09-2016,12,15774
01-10-2016,11,15785
02-10-2016,20,15805
03-10-2016,17,15822
04-10-2016,21,15843
05-10-2016,25,15868
06-10-2016,26,15894
07-10-2016,18,15912
08-10-2016,24,15936
09-10-2016,16,15952
10-10-2016,23,15975
11-10-2016,31,16006
12-10-2016,39,16045
13-10-2016,28,16073
14-10-2016,19,16092
15-10-2016,22,16114
16-10-2016,41,16155
17-10-2016,40,16195
18-10-2016,27,16222
19-10-2016,54,16276
20-10-2016,26,16302
21-10-2016,26,16328
22-10-2016,15,16343
23-10-2016,28,16371
24-10-2016,31,16402
25-10-2016,27,16429
26-10-2016,27,16456
27-10-2016,12,16468
28-10-2016,9,16477
29-10-2016,14,16491
30-10-2016,29,16520
31-10-2016,29,16549
01-11-2016,27,16576
02-11-2016,27,16603
03-11-2016,33,16636
04-11-2016,15,16651
05-11-2016,13,16664
06-11-2016,33,16697
07-11-2016,28,16725
08-11-2016,27,16752
09-11-2016,31,16783
10-11-2016,20,16803
11-11-2016,11,16814
12-11-2016,14,16828
13-11-2016,20,16848
14-11-2016,30,16878
15-11-2016,21,16899
16-11-2016,28,16927
17-11-2016,27,16954
18-11-2016,15,16969
19-11-2016,9,16978
20-11-2016,22,17000
21-11-2016,39,17039
22-11-2016,30,17069
23-11-2016,27,17096
24-11-2016,21,17117
25-11-2016,16,17133
26-11-2016,17,17150
27-11-2016,31,17181
28-11-2016,31,17212
29-11-2016,29,17241
30-11-2016,33,17274
01-12-2016,16,17290
02-12-2016,17,17307
03-12-2016,12,17319
04-12-2016,24,17343
05-12-2016,23,17366
06-12-2016,28,17394
07-12-2016,41,17435
08-12-2016,34,17469
09-12-2016,9,17478
10-12-2016,14,17492
11-12-2016,27,17519
12-12-2016,95,17614
13-12-2016,49,17663
14-12-2016,25,17688
15-12-2016,19,17707
16-12-2016,17,17724
17-12-2016,15,17739
18-12-2016,19,17758
19-12-2016,29,17787
20-12-2016,22,17809
21-12-2016,29,17838
22-12-2016,22,17860
23-12-2016,11,17871
24-12-2016,11,17882
25-12-2016,20,17902
26-12-2016,22,17924
27-12-2016,25,17949
28-12-2016,28,17977
29-12-2016,19,17996
30-12-2016,15,18011
31-12-2016,5,18016
01-01-2017,16,18032
02-01-2017,22,18054
03-01-2017,17,18071
04-01-2017,28,18099
05-01-2017,23,18122
06-01-2017,11,18133
07-01-2017,21,18154
08-01-2017,16,18170
09-01-2017,26,18196
10-01-2017,17,18213
11-01-2017,22,18235
12-01-2017,22,18257
13-01-2017,12,18269
14-01-2017,10,18279
15-01-2017,26,18305
16-01-2017,27,18332
17-01-2017,16,18348
18-01-2017,28,18376
19-01-2017,31,18407
20-01-2017,18,18425
21-01-2017,16,18441
22-01-2017,30,18471
23-01-2017,18,18489
24-01-2017,18,18507
25-01-2017,23,18530
26-01-2017,18,18548
27-01-2017,9,18557
28-01-2017,7,18564
29-01-2017,15,18579
30-01-2017,20,18599
31-01-2017,22,18621
01-02-2017,23,18644
02-02-2017,25,18669
03-02-2017,26,18695
04-02-2017,11,18706
05-02-2017,23,18729
06-02-2017,27,18756
07-02-2017,29,18785
08-02-2017,34,18819
09-02-2017,32,18851
10-02-2017,25,18876
11-02-2017,19,18895
12-02-2017,31,18926
13-02-2017,32,18958
14-02-2017,22,18980
15-02-2017,35,19015
16-02-2017,30,19045
17-02-2017,25,19070
18-02-2017,24,19094
19-02-2017,25,19119
20-02-2017,38,19157
21-02-2017,54,19211
22-02-2017,28,19239
23-02-2017,23,19262
24-02-2017,15,19277
25-02-2017,14,19291
26-02-2017,39,19330
27-02-2017,28,19358
28-02-2017,31,19389
01-03-2017,42,19431
02-03-2017,25,19456
03-03-2017,19,19475
04-03-2017,17,19492
05-03-2017,24,19516
06-03-2017,25,19541
07-03-2017,40,19581
08-03-2017,30,19611
09-03-2017,18,19629
10-03-2017,11,19640
11-03-2017,12,19652
12-03-2017,43,19695
13-03-2017,39,19734
14-03-2017,55,19789
15-03-2017,39,19828
16-03-2017,22,19850
17-03-2017,19,19869
18-03-2017,20,19889
19-03-2017,33,19922
20-03-2017,26,19948
21-03-2017,34,19982
22-03-2017,34,20016
23-03-2017,29,20045
24-03-2017,24,20069
25-03-2017,22,20091
26-03-2017,35,20126
27-03-2017,39,20165
28-03-2017,52,20217
29-03-2017,39,20256
30-03-2017,24,20280
31-03-2017,28,20308
01-04-2017,19,20327
02-04-2017,24,20351
03-04-2017,22,20373
04-04-2017,36,20409
05-04-2017,21,20430
06-04-2017,28,20458
07-04-2017,19,20477
08-04-2017,8,20485
09-04-2017,30,20515
10-04-2017,34,20549
11-04-2017,26,20575
12-04-2017,36,20611
13-04-2017,31,20642
14-04-2017,16,20658
15-04-2017,14,20672
16-04-2017,16,20688
17-04-2017,18,20706
18-04-2017,22,20728
19-04-2017,35,20763
20-04-2017,19,20782
21-04-2017,15,20797
22-04-2017,16,20813
23-04-2017,44,20857
24-04-2017,40,20897
25-04-2017,28,20925
26-04-2017,32,20957
27-04-2017,36,20993
28-04-2017,17,21010
29-04-2017,12,21022
30-04-2017,22,21044
01-05-2017,38,21082
02-05-2017,28,21110
03-05-2017,30,21140
04-05-2017,24,21164
05-05-2017,10,21174
06-05-2017,11,21185
07-05-2017,27,21212
08-05-2017,28,21240
09-05-2017,25,21265
10-05-2017,41,21306
11-05-2017,31,21337
12-05-2017,13,21350
13-05-2017,20,21370
14-05-2017,30,21400
15-05-2017,29,21429
16-05-2017,41,21470
17-05-2017,25,21495
18-05-2017,28,21523
19-05-2017,12,21535
20-05-2017,16,21551
21-05-2017,40,21591
22-05-2017,47,21638
23-05-2017,33,21671
24-05-2017,26,21697
25-05-2017,27,21724
26-05-2017,14,21738
27-05-2017,8,21746
28-05-2017,15,21761
29-05-2017,16,21777
30-05-2017,28,21805
31-05-2017,36,21841
01-06-2017,36,21877
02-06-2017,13,21890
03-06-2017,14,21904
04-06-2017,29,21933
05-06-2017,31,21964
06-06-2017,30,21994
07-06-2017,32,22026
08-06-2017,29,22055
09-06-2017,24,22079
10-06-2017,16,22095
11-06-2017,36,22131
12-06-2017,21,22152
13-06-2017,30,22182
14-06-2017,36,22218
15-06-2017,37,22255
16-06-2017,13,22268
17-06-2017,10,22278
18-06-2017,22,22300
19-06-2017,37,22337
20-06-2017,36,22373
21-06-2017,32,22405
22-06-2017,28,22433
23-06-2017,14,22447
24-06-2017,14,22461
25-06-2017,22,22483
26-06-2017,35,22518
27-06-2017,34,22552
28-06-2017,40,22592
29-06-2017,34,22626
30-06-2017,14,22640
01-07-2017,15,22655
02-07-2017,30,22685
03-07-2017,34,22719
04-07-2017,32,22751
05-07-2017,40,22791
06-07-2017,32,22823
07-07-2017,11,22834
08-07-2017,16,22850
09-07-2017,28,22878
10-07-2017,31,22909
11-07-2017,55,22964
12-07-2017,42,23006
13-07-2017,34,23040
14-07-2017,26,23066
15-07-2017,13,23079
16-07-2017,31,23110
17-07-2017,32,23142
18-07-2017,43,23185
19-07-2017,32,23217
20-07-2017,29,23246
21-07-2017,24,23270
22-07-2017,20,23290
23-07-2017,23,23313
24-07-2017,26,23339
25-07-2017,34,23373
26-07-2017,27,23400
27-07-2017,35,23435
28-07-2017,17,23452
29-07-2017,11,23463
30-07-2017,22,23485
31-07-2017,67,23552
01-08-2017,31,23583
02-08-2017,37,23620
03-08-2017,36,23656
04-08-2017,19,23675
05-08-2017,14,23689
06-08-2017,25,23714
07-08-2017,37,23751
08-08-2017,47,23798
09-08-2017,44,23842
10-08-2017,33,23875
11-08-2017,8,23883
12-08-2017,9,23892
13-08-2017,31,23923
14-08-2017,34,23957
15-08-2017,39,23996
16-08-2017,49,24045
17-08-2017,47,24092
18-08-2017,24,24116
19-08-2017,16,24132
20-08-2017,41,24173
21-08-2017,37,24210
22-08-2017,35,24245
23-08-2017,31,24276
24-08-2017,20,24296
25-08-2017,14,24310
26-08-2017,17,24327
27-08-2017,34,24361
28-08-2017,34,24395
29-08-2017,50,24445
30-08-2017,34,24479
31-08-2017,27,24506
01-09-2017,15,24521
02-09-2017,18,24539
03-09-2017,17,24556
04-09-2017,31,24587
05-09-2017,39,24626
06-09-2017,31,24657
07-09-2017,35,24692
08-09-2017,14,24706
09-09-2017,14,24720
10-09-2017,28,24748
11-09-2017,30,24778
12-09-2017,25,24803
13-09-2017,31,24834
14-09-2017,38,24872
15-09-2017,14,24886
16-09-2017,9,24895
17-09-2017,31,24926
18-09-2017,33,24959
19-09-2017,43,25002
20-09-2017,31,25033
21-09-2017,17,25050
22-09-2017,14,25064
23-09-2017,17,25081
24-09-2017,23,25104
25-09-2017,40,25144
26-09-2017,33,25177
27-09-2017,24,25201
28-09-2017,48,25249
29-09-2017,33,25282
30-09-2017,18,25300
01-10-2017,18,25318
02-10-2017,18,25336
03-10-2017,24,25360
04-10-2017,14,25374
05-10-2017,27,25401
06-10-2017,11,25412
07-10-2017,10,25422
08-10-2017,19,25441
09-10-2017,26,25467
10-10-2017,38,25505
11-10-2017,63,25568
12-10-2017,63,25631
13-10-2017,24,25655
14-10-2017,14,25669
15-10-2017,35,25704
16-10-2017,51,25755
17-10-2017,38,25793
18-10-2017,57,25850
19-10-2017,48,25898
20-10-2017,19,25917
21-10-2017,28,25945
22-10-2017,52,25997
23-10-2017,42,26039
24-10-2017,44,26083
25-10-2017,42,26125
26-10-2017,41,26166
27-10-2017,32,26198
28-10-2017,27,26225
29-10-2017,27,26252
30-10-2017,36,26288
31-10-2017,37,26325
01-11-2017,37,26362
02-11-2017,42,26404
03-11-2017,24,26428
04-11-2017,31,26459
05-11-2017,41,26500
06-11-2017,50,26550
07-11-2017,30,26580
08-11-2017,46,26626
09-11-2017,43,26669
10-11-2017,28,26697
11-11-2017,20,26717
12-11-2017,43,26760
13-11-2017,43,26803
14-11-2017,34,26837
15-11-2017,50,26887
16-11-2017,39,26926
17-11-2017,26,26952
18-11-2017,19,26971
19-11-2017,32,27003
20-11-2017,31,27034
21-11-2017,48,27082
22-11-2017,35,27117
23-11-2017,32,27149
24-11-2017,25,27174
25-11-2017,20,27194
26-11-2017,45,27239
27-11-2017,38,27277
28-11-2017,43,27320
29-11-2017,48,27368
30-11-2017,45,27413
01-12-2017,30,27443
02-12-2017,21,27464
03-12-2017,27,27491
04-12-2017,48,27539
05-12-2017,40,27579
06-12-2017,51,27630
07-12-2017,42,27672
08-12-2017,31,27703
09-12-2017,27,27730
10-12-2017,47,27777
11-12-2017,44,27821
12-12-2017,47,27868
13-12-2017,43,27911
14-12-2017,44,27955
15-12-2017,23,27978
16-12-2017,23,28001
17-12-2017,41,28042
18-12-2017,46,28088
19-12-2017,55,28143
20-12-2017,44,28187
21-12-2017,45,28232
22-12-2017,14,28246
23-12-2017,21,28267
24-12-2017,25,28292
25-12-2017,40,28332
26-12-2017,28,28360
27-12-2017,31,28391
28-12-2017,25,28416
29-12-2017,13,28429
30-12-2017,14,28443
31-12-2017,15,28458
01-01-2018,64,28522
02-01-2018,48,28570
03-01-2018,53,28623
04-01-2018,35,28658
05-01-2018,21,28679
06-01-2018,25,28704
07-01-2018,51,28755
08-01-2018,54,28809
09-01-2018,73,28882
10-01-2018,42,28924
11-01-2018,35,28959
12-01-2018,16,28975
13-01-2018,28,29003
14-01-2018,48,29051
15-01-2018,58,29109
16-01-2018,44,29153
17-01-2018,67,29220
18-01-2018,43,29263
19-01-2018,28,29291
20-01-2018,24,29315
21-01-2018,41,29356
22-01-2018,36,29392
23-01-2018,56,29448
24-01-2018,47,29495
25-01-2018,38,29533
26-01-2018,22,29555
27-01-2018,20,29575
28-01-2018,39,29614
29-01-2018,49,29663
30-01-2018,35,29698
31-01-2018,51,29749
01-02-2018,45,29794
02-02-2018,30,29824
03-02-2018,34,29858
04-02-2018,55,29913
05-02-2018,54,29967
06-02-2018,53,30020
07-02-2018,37,30057
08-02-2018,56,30113
09-02-2018,31,30144
10-02-2018,28,30172
11-02-2018,41,30213
12-02-2018,39,30252
13-02-2018,28,30280
14-02-2018,31,30311
15-02-2018,25,30336
16-02-2018,22,30358
17-02-2018,11,30369
18-02-2018,26,30395
19-02-2018,44,30439
20-02-2018,35,30474
21-02-2018,32,30506
22-02-2018,47,30553
23-02-2018,28,30581
24-02-2018,18,30599
25-02-2018,49,30648
26-02-2018,49,30697
27-02-2018,49,30746
28-02-2018,67,30813
01-03-2018,42,30855
02-03-2018,29,30884
03-03-2018,21,30905
04-03-2018,102,31007
05-03-2018,53,31060
06-03-2018,47,31107
07-03-2018,46,31153
08-03-2018,48,31201
09-03-2018,33,31234
10-03-2018,28,31262
11-03-2018,41,31303
12-03-2018,55,31358
13-03-2018,39,31397
14-03-2018,49,31446
15-03-2018,35,31481
16-03-2018,23,31504
17-03-2018,29,31533
18-03-2018,43,31576
19-03-2018,62,31638
20-03-2018,62,31700
21-03-2018,46,31746
22-03-2018,50,31796
23-03-2018,20,31816
24-03-2018,34,31850
25-03-2018,39,31889
26-03-2018,61,31950
27-03-2018,64,32014
28-03-2018,51,32065
29-03-2018,41,32106
30-03-2018,28,32134
31-03-2018,16,32150
01-04-2018,40,32190
02-04-2018,46,32236
03-04-2018,54,32290
04-04-2018,36,32326
05-04-2018,35,32361
06-04-2018,23,32384
07-04-2018,35,32419
08-04-2018,43,32462
09-04-2018,41,32503
10-04-2018,49,32552
11-04-2018,53,32605
12-04-2018,43,32648
13-04-2018,20,32668
14-04-2018,22,32690
15-04-2018,58,32748
16-04-2018,42,32790
17-04-2018,54,32844
18-04-2018,53,32897
19-04-2018,56,32953
20-04-2018,30,32983
21-04-2018,32,33015
22-04-2018,39,33054
23-04-2018,42,33096
24-04-2018,40,33136
25-04-2018,45,33181
26-04-2018,45,33226
27-04-2018,33,33259
28-04-2018,15,33274
29-04-2018,30,33304
30-04-2018,28,33332
01-05-2018,44,33376
02-05-2018,58,33434
03-05-2018,43,33477
04-05-2018,39,33516
05-05-2018,28,33544
06-05-2018,37,33581
07-05-2018,43,33624
08-05-2018,27,33651
09-05-2018,61,33712
10-05-2018,42,33754
11-05-2018,21,33775
12-05-2018,26,33801
13-05-2018,41,33842
14-05-2018,40,33882
15-05-2018,55,33937
16-05-2018,45,33982
17-05-2018,45,34027
18-05-2018,32,34059
19-05-2018,30,34089
20-05-2018,51,34140
21-05-2018,46,34186
22-05-2018,51,34237
23-05-2018,66,34303
24-05-2018,47,34350
25-05-2018,25,34375
26-05-2018,25,34400
27-05-2018,46,34446
28-05-2018,50,34496
29-05-2018,43,34539
30-05-2018,43,34582
31-05-2018,35,34617
01-06-2018,27,34644
02-06-2018,20,34664
03-06-2018,38,34702
04-06-2018,50,34752
05-06-2018,43,34795
06-06-2018,56,34851
07-06-2018,54,34905
08-06-2018,28,34933
09-06-2018,28,34961
10-06-2018,36,34997
11-06-2018,45,35042
12-06-2018,33,35075
13-06-2018,47,35122
14-06-2018,44,35166
15-06-2018,31,35197
16-06-2018,15,35212
17-06-2018,30,35242
18-06-2018,44,35286
19-06-2018,60,35346
20-06-2018,38,35384
21-06-2018,39,35423
22-06-2018,15,35438
23-06-2018,29,35467
24-06-2018,36,35503
25-06-2018,45,35548
26-06-2018,44,35592
27-06-2018,64,35656
28-06-2018,37,35693
29-06-2018,13,35706
30-06-2018,14,35720
01-07-2018,33,35753
02-07-2018,41,35794
03-07-2018,42,35836
04-07-2018,41,35877
05-07-2018,49,35926
06-07-2018,24,35950
07-07-2018,24,35974
08-07-2018,37,36011
09-07-2018,45,36056
10-07-2018,42,36098
11-07-2018,50,36148
12-07-2018,44,36192
13-07-2018,13,36205
14-07-2018,26,36231
15-07-2018,35,36266
16-07-2018,36,36302
17-07-2018,55,36357
18-07-2018,49,36406
19-07-2018,38,36444
20-07-2018,28,36472
21-07-2018,24,36496
22-07-2018,48,36544
23-07-2018,59,36603
24-07-2018,54,36657
25-07-2018,53,36710
26-07-2018,56,36766
27-07-2018,21,36787
28-07-2018,25,36812
29-07-2018,50,36862
30-07-2018,53,36915
31-07-2018,48,36963
01-08-2018,50,37013
02-08-2018,52,37065
03-08-2018,20,37085
04-08-2018,21,37106
05-08-2018,46,37152
06-08-2018,51,37203
07-08-2018,51,37254
08-08-2018,67,37321
09-08-2018,47,37368
10-08-2018,31,37399
11-08-2018,25,37424
12-08-2018,54,37478
13-08-2018,32,37510
14-08-2018,34,37544
15-08-2018,50,37594
16-08-2018,39,37633
17-08-2018,31,37664
18-08-2018,21,37685
19-08-2018,39,37724
20-08-2018,52,37776
21-08-2018,49,37825
22-08-2018,77,37902
23-08-2018,49,37951
24-08-2018,25,37976
25-08-2018,21,37997
26-08-2018,50,38047
27-08-2018,56,38103
28-08-2018,52,38155
29-08-2018,36,38191
30-08-2018,51,38242
31-08-2018,28,38270
01-09-2018,34,38304
02-09-2018,50,38354
03-09-2018,54,38408
04-09-2018,46,38454
05-09-2018,48,38502
06-09-2018,66,38568
07-09-2018,22,38590
08-09-2018,16,38606
09-09-2018,48,38654
10-09-2018,41,38695
11-09-2018,52,38747
12-09-2018,40,38787
13-09-2018,43,38830
14-09-2018,20,38850
15-09-2018,20,38870
16-09-2018,40,38910
17-09-2018,48,38958
18-09-2018,42,39000
19-09-2018,35,39035
20-09-2018,48,39083
21-09-2018,27,39110
22-09-2018,26,39136
23-09-2018,27,39163
24-09-2018,43,39206
25-09-2018,56,39262
26-09-2018,45,39307
27-09-2018,46,39353
28-09-2018,35,39388
29-09-2018,47,39435
30-09-2018,52,39487
01-10-2018,26,39513
02-10-2018,38,39551
03-10-2018,30,39581
04-10-2018,28,39609
05-10-2018,21,39630
06-10-2018,25,39655
07-10-2018,43,39698
08-10-2018,46,39744
09-10-2018,30,39774
10-10-2018,41,39815
11-10-2018,39,39854
12-10-2018,29,39883
13-10-2018,29,39912
14-10-2018,35,39947
15-10-2018,59,40006
16-10-2018,52,40058
17-10-2018,64,40122
18-10-2018,47,40169
19-10-2018,17,40186
20-10-2018,10,40196
21-10-2018,42,40238
22-10-2018,51,40289
23-10-2018,53,40342
24-10-2018,44,40386
25-10-2018,43,40429
26-10-2018,16,40445
27-10-2018,26,40471
28-10-2018,29,40500
29-10-2018,34,40534
30-10-2018,50,40584
31-10-2018,51,40635
01-11-2018,47,40682
02-11-2018,23,40705
03-11-2018,15,40720
04-11-2018,36,40756
05-11-2018,54,40810
06-11-2018,38,40848
07-11-2018,61,40909
08-11-2018,50,40959
09-11-2018,23,40982
10-11-2018,21,41003
11-11-2018,51,41054
12-11-2018,69,41123
13-11-2018,47,41170
14-11-2018,48,41218
15-11-2018,43,41261
16-11-2018,25,41286
17-11-2018,24,41310
18-11-2018,62,41372
19-11-2018,50,41422
20-11-2018,62,41484
21-11-2018,68,41552
22-11-2018,48,41600
23-11-2018,29,41629
24-11-2018,27,41656
25-11-2018,36,41692
26-11-2018,49,41741
27-11-2018,47,41788
28-11-2018,60,41848
29-11-2018,56,41904
30-11-2018,23,41927
01-12-2018,24,41951
02-12-2018,48,41999
03-12-2018,95,42094
04-12-2018,87,42181
05-12-2018,64,42245
06-12-2018,56,42301
07-12-2018,25,42326
08-12-2018,31,42357
09-12-2018,63,42420
10-12-2018,57,42477
11-12-2018,76,42553
12-12-2018,60,42613
13-12-2018,47,42660
14-12-2018,30,42690
15-12-2018,33,42723
16-12-2018,44,42767
17-12-2018,49,42816
18-12-2018,44,42860
19-12-2018,51,42911
20-12-2018,51,42962
21-12-2018,20,42982
22-12-2018,23,43005
23-12-2018,39,43044
24-12-2018,38,43082
25-12-2018,57,43139
26-12-2018,50,43189
27-12-2018,147,43336
28-12-2018,48,43384
29-12-2018,36,43420
30-12-2018,26,43446
31-12-2018,29,43475
01-01-2019,60,43535
02-01-2019,55,43590
03-01-2019,57,43647
04-01-2019,39,43686
05-01-2019,34,43720
06-01-2019,68,43788
07-01-2019,56,43844
08-01-2019,72,43916
09-01-2019,61,43977
10-01-2019,55,44032
11-01-2019,19,44051
12-01-2019,41,44092
13-01-2019,48,44140
14-01-2019,51,44191
15-01-2019,52,44243
16-01-2019,47,44290
17-01-2019,64,44354
18-01-2019,31,44385
19-01-2019,30,44415
20-01-2019,51,44466
21-01-2019,45,44511
22-01-2019,51,44562
23-01-2019,38,44600
24-01-2019,47,44647
25-01-2019,25,44672
26-01-2019,28,44700
27-01-2019,47,44747
28-01-2019,46,44793
29-01-2019,34,44827
30-01-2019,55,44882
31-01-2019,54,44936
01-02-2019,47,44983
02-02-2019,24,45007
03-02-2019,24,45031
04-02-2019,31,45062
05-02-2019,32,45094
06-02-2019,50,45144
07-02-2019,31,45175
08-02-2019,25,45200
09-02-2019,26,45226
10-02-2019,48,45274
11-02-2019,36,45310
12-02-2019,61,45371
13-02-2019,60,45431
14-02-2019,45,45476
15-02-2019,34,45510
16-02-2019,26,45536
17-02-2019,60,45596
18-02-2019,51,45647
19-02-2019,40,45687
20-02-2019,49,45736
21-02-2019,61,45797
22-02-2019,37,45834
23-02-2019,23,45857
24-02-2019,48,45905
25-02-2019,57,45962
26-02-2019,53,46015
27-02-2019,55,46070
28-02-2019,63,46133
01-03-2019,31,46164
02-03-2019,35,46199
03-03-2019,65,46264
04-03-2019,66,46330
05-03-2019,50,46380
06-03-2019,52,46432
07-03-2019,59,46491
08-03-2019,25,46516
09-03-2019,26,46542
10-03-2019,51,46593
11-03-2019,60,46653
12-03-2019,51,46704
13-03-2019,55,46759
14-03-2019,46,46805
15-03-2019,28,46833
16-03-2019,26,46859
17-03-2019,56,46915
18-03-2019,57,46972
19-03-2019,69,47041
20-03-2019,64,47105
21-03-2019,56,47161
22-03-2019,23,47184
23-03-2019,41,47225
24-03-2019,62,47287
25-03-2019,89,47376
26-03-2019,64,47440
27-03-2019,67,47507
28-03-2019,77,47584
29-03-2019,35,47619
30-03-2019,31,47650
31-03-2019,54,47704
01-04-2019,64,47768
02-04-2019,56,47824
03-04-2019,60,47884
04-04-2019,34,47918
05-04-2019,15,47933
06-04-2019,36,47969
07-04-2019,49,48018
08-04-2019,55,48073
09-04-2019,70,48143
10-04-2019,50,48193
11-04-2019,54,48247
12-04-2019,42,48289
13-04-2019,33,48322
14-04-2019,56,48378
15-04-2019,47,48425
16-04-2019,64,48489
17-04-2019,53,48542
18-04-2019,49,48591
19-04-2019,29,48620
20-04-2019,38,48658
21-04-2019,67,48725
22-04-2019,72,48797
23-04-2019,61,48858
24-04-2019,46,48904
25-04-2019,61,48965
26-04-2019,24,48989
27-04-2019,51,49040
28-04-2019,44,49084
29-04-2019,57,49141
30-04-2019,26,49167
01-05-2019,36,49203
02-05-2019,31,49234
03-05-2019,26,49260
04-05-2019,46,49306
05-05-2019,55,49361
06-05-2019,63,49424
07-05-2019,63,49487
08-05-2019,44,49531
09-05-2019,66,49597
10-05-2019,37,49634
11-05-2019,20,49654
12-05-2019,40,49694
13-05-2019,66,49760
14-05-2019,44,49804
15-05-2019,63,49867
16-05-2019,72,49939
17-05-2019,29,49968
18-05-2019,24,49992
19-05-2019,37,50029
20-05-2019,64,50093
21-05-2019,54,50147
22-05-2019,59,50206
23-05-2019,70,50276
24-05-2019,36,50312
25-05-2019,25,50337
26-05-2019,37,50374
27-05-2019,56,50430
28-05-2019,65,50495
29-05-2019,56,50551
30-05-2019,45,50596
31-05-2019,28,50624
01-06-2019,29,50653
02-06-2019,42,50695
03-06-2019,46,50741
04-06-2019,40,50781
05-06-2019,41,50822
06-06-2019,38,50860
07-06-2019,24,50884
08-06-2019,13,50897
09-06-2019,39,50936
10-06-2019,47,50983
11-06-2019,56,51039
12-06-2019,56,51095
13-06-2019,38,51133
14-06-2019,26,51159
15-06-2019,19,51178
16-06-2019,55,51233
17-06-2019,38,51271
18-06-2019,50,51321
19-06-2019,69,51390
20-06-2019,64,51454
21-06-2019,13,51467
22-06-2019,21,51488
23-06-2019,37,51525
24-06-2019,49,51574
25-06-2019,51,51625
26-06-2019,55,51680
27-06-2019,43,51723
28-06-2019,23,51746
29-06-2019,13,51759
30-06-2019,41,51800
01-07-2019,49,51849
02-07-2019,69,51918
03-07-2019,75,51993
04-07-2019,81,52074
05-07-2019,25,52099
06-07-2019,22,52121
07-07-2019,46,52167
08-07-2019,47,52214
09-07-2019,37,52251
10-07-2019,49,52300
11-07-2019,43,52343
12-07-2019,19,52362
13-07-2019,18,52380
14-07-2019,36,52416
15-07-2019,46,52462
16-07-2019,62,52524
17-07-2019,73,52597
18-07-2019,45,52642
19-07-2019,36,52678
20-07-2019,21,52699
21-07-2019,43,52742
22-07-2019,64,52806
23-07-2019,48,52854
24-07-2019,55,52909
25-07-2019,45,52954
26-07-2019,27,52981
27-07-2019,21,53002
28-07-2019,59,53061
29-07-2019,51,53112
30-07-2019,42,53154
31-07-2019,52,53206
01-08-2019,44,53250
02-08-2019,27,53277
03-08-2019,18,53295
04-08-2019,47,53342
05-08-2019,38,53380
06-08-2019,56,53436
07-08-2019,49,53485
08-08-2019,89,53574
09-08-2019,28,53602
10-08-2019,17,53619
11-08-2019,43,53662
12-08-2019,44,53706
13-08-2019,52,53758
14-08-2019,48,53806
15-08-2019,34,53840
16-08-2019,24,53864
17-08-2019,21,53885
18-08-2019,39,53924
19-08-2019,51,53975
20-08-2019,49,54024
21-08-2019,44,54068
22-08-2019,51,54119
23-08-2019,20,54139
24-08-2019,22,54161
25-08-2019,36,54197
26-08-2019,54,54251
27-08-2019,39,54290
28-08-2019,52,54342
29-08-2019,50,54392
30-08-2019,32,54424
31-08-2019,25,54449
01-09-2019,40,54489
02-09-2019,45,54534
03-09-2019,54,54588
04-09-2019,49,54637
05-09-2019,37,54674
06-09-2019,34,54708
07-09-2019,24,54732
08-09-2019,50,54782
09-09-2019,41,54823
10-09-2019,41,54864
11-09-2019,44,54908
12-09-2019,18,54926
13-09-2019,20,54946
14-09-2019,31,54977
15-09-2019,51,55028
16-09-2019,38,55066
17-09-2019,48,55114
18-09-2019,39,55153
19-09-2019,27,55180
20-09-2019,17,55197
21-09-2019,18,55215
22-09-2019,34,55249
23-09-2019,43,55292
24-09-2019,42,55334
25-09-2019,46,55380
26-09-2019,56,55436
27-09-2019,24,55460
28-09-2019,37,55497
29-09-2019,42,55539
30-09-2019,28,55567
01-10-2019,30,55597
02-10-2019,30,55627
03-10-2019,28,55655
04-10-2019,14,55669
05-10-2019,23,55692
06-10-2019,25,55717
07-10-2019,35,55752
08-10-2019,44,55796
09-10-2019,36,55832
10-10-2019,43,55875
11-10-2019,34,55909
12-10-2019,33,55942
13-10-2019,38,55980
14-10-2019,31,56011
15-10-2019,46,56057
16-10-2019,51,56108
17-10-2019,46,56154
18-10-2019,17,56171
19-10-2019,26,56197
20-10-2019,39,56236
21-10-2019,51,56287
22-10-2019,57,56344
23-10-2019,51,56395
24-10-2019,41,56436
25-10-2019,22,56458
26-10-2019,26,56484
27-10-2019,43,56527
28-10-2019,45,56572
29-10-2019,41,56613
30-10-2019,37,56650
31-10-2019,35,56685
01-11-2019,19,56704
02-11-2019,20,56724
03-11-2019,42,56766
04-11-2019,40,56806
05-11-2019,29,56835
06-11-2019,43,56878
07-11-2019,41,56919
08-11-2019,22,56941
09-11-2019,19,56960
10-11-2019,46,57006
11-11-2019,40,57046
12-11-2019,45,57091
13-11-2019,57,57148
14-11-2019,56,57204
15-11-2019,18,57222
16-11-2019,28,57250
17-11-2019,41,57291
18-11-2019,58,57349
19-11-2019,42,57391
20-11-2019,37,57428
21-11-2019,41,57469
22-11-2019,28,57497
23-11-2019,21,57518
24-11-2019,34,57552
25-11-2019,41,57593
26-11-2019,47,57640
27-11-2019,38,57678
28-11-2019,43,57721
29-11-2019,24,57745
30-11-2019,29,57774
01-12-2019,54,57828
02-12-2019,46,57874
03-12-2019,42,57916
04-12-2019,40,57956
05-12-2019,51,58007
06-12-2019,22,58029
07-12-2019,26,58055
08-12-2019,42,58097
09-12-2019,46,58143
10-12-2019,60,58203
11-12-2019,46,58249
12-12-2019,50,58299
13-12-2019,26,58325
14-12-2019,22,58347
15-12-2019,37,58384
16-12-2019,54,58438
17-12-2019,35,58473
18-12-2019,44,58517
19-12-2019,35,58552
20-12-2019,14,58566
21-12-2019,17,58583
22-12-2019,29,58612
23-12-2019,38,58650
24-12-2019,62,58712
25-12-2019,78,58790
26-12-2019,40,58830
27-12-2019,15,58845
28-12-2019,35,58880
29-12-2019,53,58933
30-12-2019,28,58961
31-12-2019,22,58983
01-01-2020,57,59040
02-01-2020,31,59071
03-01-2020,28,59099
04-01-2020,21,59120
05-01-2020,37,59157
06-01-2020,73,59230
07-01-2020,44,59274
08-01-2020,34,59308
09-01-2020,42,59350
10-01-2020,19,59369
11-01-2020,13,59382
12-01-2020,39,59421
13-01-2020,48,59469
14-01-2020,51,59520
15-01-2020,39,59559
16-01-2020,41,59600
17-01-2020,26,59626
18-01-2020,32,59658
19-01-2020,28,59686
20-01-2020,33,59719
21-01-2020,31,59750
22-01-2020,29,59779
23-01-2020,19,59798
24-01-2020,12,59810
25-01-2020,17,59827
26-01-2020,28,59855
27-01-2020,26,59881
28-01-2020,28,59909
29-01-2020,29,59938
30-01-2020,33,59971
31-01-2020,20,59991
01-02-2020,23,60014
02-02-2020,33,60047
03-02-2020,32,60079
04-02-2020,33,60112
05-02-2020,24,60136
06-02-2020,25,60161
07-02-2020,20,60181
08-02-2020,23,60204
09-02-2020,30,60234
10-02-2020,25,60259
11-02-2020,34,60293
12-02-2020,47,60340
13-02-2020,48,60388
14-02-2020,29,60417
15-02-2020,23,60440
16-02-2020,33,60473
17-02-2020,32,60505
18-02-2020,30,60535
19-02-2020,29,60564
20-02-2020,20,60584
21-02-2020,27,60611
22-02-2020,19,60630
23-02-2020,37,60667
24-02-2020,35,60702
25-02-2020,43,60745
26-02-2020,48,60793
27-02-2020,25,60818
28-02-2020,24,60842
29-02-2020,23,60865
01-03-2020,31,60896
02-03-2020,30,60926
03-03-2020,28,60954
04-03-2020,34,60988
05-03-2020,41,61029
06-03-2020,27,61056
07-03-2020,19,61075
08-03-2020,25,61100
09-03-2020,39,61139
10-03-2020,30,61169
11-03-2020,24,61193
12-03-2020,27,61220
13-03-2020,21,61241
14-03-2020,28,61269
15-03-2020,25,61294
16-03-2020,36,61330
17-03-2020,36,61366
18-03-2020,39,61405
19-03-2020,19,61424
20-03-2020,33,61457
21-03-2020,24,61481
22-03-2020,39,61520
23-03-2020,41,61561
24-03-2020,37,61598
25-03-2020,50,61648
26-03-2020,34,61682
27-03-2020,28,61710
28-03-2020,30,61740
29-03-2020,36,61776
30-03-2020,24,61800
31-03-2020,35,61835
01-04-2020,32,61867
02-04-2020,32,61899
03-04-2020,24,61923
04-04-2020,25,61948
05-04-2020,32,61980
06-04-2020,38,62018
07-04-2020,51,62069
08-04-2020,37,62106
09-04-2020,34,62140
10-04-2020,22,62162
11-04-2020,22,62184
12-04-2020,36,62220
13-04-2020,33,62253
14-04-2020,38,62291
15-04-2020,31,62322
16-04-2020,36,62358
17-04-2020,24,62382
18-04-2020,27,62409
19-04-2020,51,62460
20-04-2020,35,62495
21-04-2020,52,62547
22-04-2020,49,62596
23-04-2020,42,62638
24-04-2020,25,62663
25-04-2020,37,62700
26-04-2020,36,62736
27-04-2020,48,62784
28-04-2020,42,62826
29-04-2020,49,62875
30-04-2020,26,62901
01-05-2020,33,62934
02-05-2020,27,62961
03-05-2020,23,62984
04-05-2020,30,63014
05-05-2020,31,63045
06-05-2020,31,63076
07-05-2020,28,63104
08-05-2020,34,63138
09-05-2020,19,63157
10-05-2020,27,63184
11-05-2020,35,63219
12-05-2020,45,63264
13-05-2020,39,63303
14-05-2020,37,63340
15-05-2020,33,63373
16-05-2020,26,63399
17-05-2020,27,63426
18-05-2020,39,63465
19-05-2020,40,63505
20-05-2020,41,63546
21-05-2020,32,63578
22-05-2020,24,63602
23-05-2020,21,63623
24-05-2020,38,63661
25-05-2020,40,63701
26-05-2020,46,63747
27-05-2020,49,63796
28-05-2020,44,63840
29-05-2020,31,63871
30-05-2020,20,63891
31-05-2020,37,63928
01-06-2020,29,63957
02-06-2020,35,63992
03-06-2020,39,64031
04-06-2020,39,64070
05-06-2020,23,64093
06-06-2020,27,64120
07-06-2020,53,64173
08-06-2020,46,64219
09-06-2020,51,64270
10-06-2020,34,64304
11-06-2020,36,64340
12-06-2020,22,64362
13-06-2020,21,64383
14-06-2020,39,64422
15-06-2020,53,64475
16-06-2020,49,64524
17-06-2020,37,64561
18-06-2020,27,64588
19-06-2020,21,64609
20-06-2020,20,64629
21-06-2020,43,64672
22-06-2020,30,64702
23-06-2020,46,64748
24-06-2020,28,64776
25-06-2020,32,64808
26-06-2020,25,64833
27-06-2020,31,64864
28-06-2020,34,64898
29-06-2020,43,64941
30-06-2020,38,64979
01-07-2020,44,65023
02-07-2020,43,65066
03-07-2020,34,65100
04-07-2020,27,65127
05-07-2020,37,65164
06-07-2020,42,65206
07-07-2020,48,65254
08-07-2020,41,65295
09-07-2020,43,65338
10-07-2020,25,65363
11-07-2020,17,65380
12-07-2020,20,65400
13-07-2020,36,65436
14-07-2020,50,65486
15-07-2020,46,65532
16-07-2020,31,65563
17-07-2020,23,65586
18-07-2020,29,65615
19-07-2020,36,65651
20-07-2020,53,65704
21-07-2020,41,65745
22-07-2020,39,65784
23-07-2020,34,65818
24-07-2020,15,65833
25-07-2020,22,65855
26-07-2020,37,65892
27-07-2020,39,65931
28-07-2020,39,65970
29-07-2020,34,66004
30-07-2020,31,66035
31-07-2020,16,66051
01-08-2020,21,66072
02-08-2020,35,66107
03-08-2020,35,66142
04-08-2020,42,66184
05-08-2020,36,66220
06-08-2020,38,66258
07-08-2020,20,66278
08-08-2020,21,66299
09-08-2020,29,66328
10-08-2020,37,66365
11-08-2020,33,66398
12-08-2020,29,66427
13-08-2020,27,66454
14-08-2020,19,66473
15-08-2020,21,66494
16-08-2020,20,66514
17-08-2020,31,66545
18-08-2020,41,66586
19-08-2020,39,66625
20-08-2020,41,66666
21-08-2020,27,66693
22-08-2020,19,66712
23-08-2020,43,66755
24-08-2020,34,66789
25-08-2020,55,66844
26-08-2020,52,66896
27-08-2020,30,66926
28-08-2020,26,66952
29-08-2020,26,66978
30-08-2020,36,67014
31-08-2020,44,67058
01-09-2020,36,67094
02-09-2020,35,67129
03-09-2020,40,67169
04-09-2020,22,67191
05-09-2020,24,67215
06-09-2020,33,67248
07-09-2020,31,67279
08-09-2020,29,67308
09-09-2020,29,67337
10-09-2020,45,67382
11-09-2020,15,67397
12-09-2020,24,67421
13-09-2020,29,67450
14-09-2020,36,67486
15-09-2020,35,67521
16-09-2020,43,67564
17-09-2020,34,67598
18-09-2020,11,67609
19-09-2020,22,67631
20-09-2020,28,67659
21-09-2020,39,67698
22-09-2020,30,67728
23-09-2020,33,67761
24-09-2020,36,67797
25-09-2020,17,67814
26-09-2020,34,67848
27-09-2020,33,67881
28-09-2020,36,67917
29-09-2020,29,67946
30-09-2020,31,67977
01-10-2020,19,67996
02-10-2020,17,68013
03-10-2020,19,68032
04-10-2020,18,68050
05-10-2020,29,68079
06-10-2020,22,68101
07-10-2020,23,68124
08-10-2020,28,68152
09-10-2020,28,68180
10-10-2020,28,68208
11-10-2020,28,68236
12-10-2020,35,68271
13-10-2020,29,68300
14-10-2020,31,68331
15-10-2020,41,68372
16-10-2020,19,68391
17-10-2020,17,68408
18-10-2020,21,68429
19-10-2020,38,68467
20-10-2020,30,68497
21-10-2020,41,68538
22-10-2020,28,68566
23-10-2020,19,68585
24-10-2020,23,68608
25-10-2020,48,68656
26-10-2020,38,68694
27-10-2020,31,68725
28-10-2020,33,68758
29-10-2020,41,68799
30-10-2020,13,68812
31-10-2020,20,68832
01-11-2020,37,68869
02-11-2020,25,68894
03-11-2020,20,68914
04-11-2020,33,68947
05-11-2020,24,68971
06-11-2020,14,68985
07-11-2020,16,69001
08-11-2020,37,69038
09-11-2020,34,69072
10-11-2020,23,69095
11-11-2020,26,69121
12-11-2020,30,69151
13-11-2020,20,69171
14-11-2020,13,69184
15-11-2020,44,69228
16-11-2020,38,69266
17-11-2020,28,69294
18-11-2020,37,69331
19-11-2020,42,69373
20-11-2020,20,69393
21-11-2020,17,69410
22-11-2020,29,69439
23-11-2020,34,69473
24-11-2020,30,69503
25-11-2020,34,69537
26-11-2020,27,69564
27-11-2020,21,69585
28-11-2020,20,69605
29-11-2020,34,69639
30-11-2020,36,69675
01-12-2020,54,69729
02-12-2020,118,69847
03-12-2020,76,69923
04-12-2020,36,69959
05-12-2020,26,69985
06-12-2020,32,70017
07-12-2020,50,70067
08-12-2020,53,70120
09-12-2020,35,70155
10-12-2020,41,70196
11-12-2020,30,70226
12-12-2020,20,70246
13-12-2020,38,70284
14-12-2020,31,70315
15-12-2020,28,70343
16-12-2020,40,70383
17-12-2020,30,70413
18-12-2020,17,70430
19-12-2020,23,70453
20-12-2020,29,70482
21-12-2020,32,70514
22-12-2020,37,70551
23-12-2020,30,70581
24-12-2020,22,70603
25-12-2020,26,70629
26-12-2020,22,70651
27-12-2020,36,70687
28-12-2020,37,70724
29-12-2020,28,70752
30-12-2020,27,70779
31-12-2020,15,70794
01-01-2021,9,70803
02-01-2021,14,70817
03-01-2021,31,70848
04-01-2021,29,70877
05-01-2021,26,70903
06-01-2021,34,70937
07-01-2021,29,70966
08-01-2021,17,70983
09-01-2021,20,71003
10-01-2021,37,71040
11-01-2021,38,71078
12-01-2021,34,71112
13-01-2021,29,71141
14-01-2021,27,71168
15-01-2021,13,71181
16-01-2021,15,71196
17-01-2021,31,71227
18-01-2021,31,71258
19-01-2021,27,71285
20-01-2021,38,71323
21-01-2021,31,71354
22-01-2021,18,71372
23-01-2021,20,71392
24-01-2021,46,71438
25-01-2021,38,71476
26-01-2021,37,71513
27-01-2021,35,71548
28-01-2021,24,71572
29-01-2021,22,71594
30-01-2021,21,71615
31-01-2021,29,71644
01-02-2021,43,71687
02-02-2021,31,71718
03-02-2021,44,71762
04-02-2021,27,71789
05-02-2021,15,71804
06-02-2021,29,71833
07-02-2021,26,71859
08-02-2021,28,71887
09-02-2021,25,71912
10-02-2021,24,71936
11-02-2021,19,71955
12-02-2021,19,71974
13-02-2021,19,71993
14-02-2021,23,72016
15-02-2021,23,72039
16-02-2021,22,72061
17-02-2021,26,72087
18-02-2021,29,72116
19-02-2021,24,72140
20-02-2021,27,72167
21-02-2021,37,72204
22-02-2021,29,72233
23-02-2021,37,72270
24-02-2021,38,72308
25-02-2021,49,72357
26-02-2021,22,72379
27-02-2021,21,72400
28-02-2021,29,72429
01-03-2021,46,72475
02-03-2021,37,72512
03-03-2021,39,72551
04-03-2021,34,72585
05-03-2021,30,72615
06-03-2021,29,72644
07-03-2021,44,72688
08-03-2021,40,72728
09-03-2021,48,72776
10-03-2021,39,72815
11-03-2021,32,72847
12-03-2021,27,72874
13-03-2021,23,72897
14-03-2021,37,72934
15-03-2021,37,72971
16-03-2021,27,72998
17-03-2021,43,73041
18-03-2021,31,73072
19-03-2021,29,73101
20-03-2021,22,73123
21-03-2021,40,73163
22-03-2021,32,73195
23-03-2021,40,73235
24-03-2021,30,73265
25-03-2021,37,73302
26-03-2021,20,73322
27-03-2021,28,73350
28-03-2021,35,73385
29-03-2021,37,73422
30-03-2021,38,73460
31-03-2021,31,73491
01-04-2021,37,73528
02-04-2021,11,73539
03-04-2021,15,73554
04-04-2021,23,73577
05-04-2021,33,73610
06-04-2021,37,73647
07-04-2021,42,73689
08-04-2021,33,73722
09-04-2021,24,73746
10-04-2021,23,73769
11-04-2021,33,73802
12-04-2021,36,73838
13-04-2021,48,73886
14-04-2021,102,73988
15-04-2021,96,74084
16-04-2021,21,74105
17-04-2021,19,74124
18-04-2021,27,74151
19-04-2021,37,74188
20-04-2021,35,74223
21-04-2021,30,74253
22-04-2021,30,74283
23-04-2021,18,74301
24-04-2021,38,74339
25-04-2021,35,74374
26-04-2021,47,74421
27-04-2021,28,74449
28-04-2021,33,74482
29-04-2021,31,74513
30-04-2021,16,74529
01-05-2021,19,74548
02-05-2021,26,74574
03-05-2021,19,74593
04-05-2021,31,74624
05-05-2021,32,74656
06-05-2021,30,74686
07-05-2021,23,74709
08-05-2021,14,74723
09-05-2021,33,74756
10-05-2021,39,74795
11-05-2021,49,74844
12-05-2021,43,74887
13-05-2021,29,74916
14-05-2021,29,74945
15-05-2021,26,74971
16-05-2021,43,75014
17-05-2021,44,75058
18-05-2021,30,75088
19-05-2021,33,75121
20-05-2021,38,75159
21-05-2021,21,75180
22-05-2021,23,75203
23-05-2021,33,75236
24-05-2021,26,75262
25-05-2021,36,75298
26-05-2021,31,75329
27-05-2021,36,75365
28-05-2021,21,75386
29-05-2021,18,75404
30-05-2021,27,75431
31-05-2021,36,75467
01-06-2021,30,75497
02-06-2021,30,75527
03-06-2021,34,75561
04-06-2021,22,75583
05-06-2021,27,75610
06-06-2021,34,75644
07-06-2021,30,75674
08-06-2021,35,75709
09-06-2021,35,75744
10-06-2021,31,75775
11-06-2021,16,75791
12-06-2021,17,75808
13-06-2021,30,75838
14-06-2021,29,75867
15-06-2021,31,75898
16-06-2021,36,75934
17-06-2021,100,76034
18-06-2021,65,76099
19-06-2021,17,76116
20-06-2021,25,76141
21-06-2021,28,76169
22-06-2021,35,76204
23-06-2021,37,76241
24-06-2021,30,76271
25-06-2021,18,76289
26-06-2021,29,76318
27-06-2021,46,76364
28-06-2021,30,76394
29-06-2021,31,76425
30-06-2021,36,76461
01-07-2021,22,76483
02-07-2021,23,76506
03-07-2021,31,76537
04-07-2021,35,76572
05-07-2021,37,76609
06-07-2021,42,76651
07-07-2021,24,76675
08-07-2021,21,76696
09-07-2021,18,76714
10-07-2021,17,76731
11-07-2021,35,76766
12-07-2021,25,76791
13-07-2021,42,76833
14-07-2021,33,76866
15-07-2021,31,76897
16-07-2021,17,76914
17-07-2021,14,76928
18-07-2021,34,76962
19-07-2021,37,76999
20-07-2021,42,77041
21-07-2021,38,77079
22-07-2021,28,77107
23-07-2021,16,77123
24-07-2021,18,77141
25-07-2021,28,77169
26-07-2021,37,77206
27-07-2021,36,77242
28-07-2021,33,77275
29-07-2021,34,77309
30-07-2021,23,77332
31-07-2021,20,77352
01-08-2021,26,77378
02-08-2021,35,77413
03-08-2021,42,77455
04-08-2021,32,77487
05-08-2021,18,77505
06-08-2021,15,77520
07-08-2021,19,77539
08-08-2021,39,77578
09-08-2021,111,77689
10-08-2021,94,77783
11-08-2021,33,77816
12-08-2021,35,77851
13-08-2021,17,77868
14-08-2021,21,77889
15-08-2021,29,77918
16-08-2021,35,77953
17-08-2021,31,77984
18-08-2021,38,78022
19-08-2021,34,78056
20-08-2021,22,78078
21-08-2021,18,78096
22-08-2021,33,78129
23-08-2021,35,78164
24-08-2021,39,78203
25-08-2021,36,78239
26-08-2021,37,78276
27-08-2021,20,78296
28-08-2021,24,78320
29-08-2021,25,78345
30-08-2021,24,78369
31-08-2021,43,78412
01-09-2021,31,78443
02-09-2021,41,78484
03-09-2021,19,78503
04-09-2021,30,78533
05-09-2021,37,78570
06-09-2021,29,78599
07-09-2021,29,78628
08-09-2021,50,78678
09-09-2021,38,78716
10-09-2021,29,78745
11-09-2021,19,78764
12-09-2021,23,78787
13-09-2021,33,78820
14-09-2021,34,78854
15-09-2021,29,78883
16-09-2021,35,78918
17-09-2021,41,78959
18-09-2021,19,78978
19-09-2021,18,78996
20-09-2021,32,79028
21-09-2021,36,79064
22-09-2021,43,79107
23-09-2021,30,79137
24-09-2021,26,79163
25-09-2021,30,79193
26-09-2021,30,79223
27-09-2021,36,79259
28-09-2021,42,79301
29-09-2021,42,79343
30-09-2021,32,79375
01-10-2021,17,79392
02-10-2021,16,79408
03-10-2021,18,79426
04-10-2021,26,79452
05-10-2021,27,79479
06-10-2021,28,79507
07-10-2021,21,79528
08-10-2021,22,79550
09-10-2021,17,79567
10-10-2021,26,79593
11-10-2021,45,79638
12-10-2021,31,79669
13-10-2021,35,79704
14-10-2021,36,79740
15-10-2021,25,79765
16-10-2021,22,79787
17-10-2021,31,79818
18-10-2021,46,79864
19-10-2021,25,79889
20-10-2021,37,79926
21-10-2021,41,79967
22-10-2021,34,80001
23-10-2021,23,80024
24-10-2021,30,80054
25-10-2021,36,80090
26-10-2021,27,80117
27-10-2021,33,80150
28-10-2021,27,80177
29-10-2021,18,80195
30-10-2021,16,80211
31-10-2021,33,80244
01-11-2021,29,80273
02-11-2021,36,80309
03-11-2021,40,80349
04-11-2021,32,80381
05-11-2021,19,80400
06-11-2021,22,80422
07-11-2021,36,80458
08-11-2021,35,80493
09-11-2021,47,80540
10-11-2021,44,80584
11-11-2021,30,80614
12-11-2021,27,80641
13-11-2021,20,80661
14-11-2021,29,80690
15-11-2021,34,80724
16-11-2021,41,80765
17-11-2021,37,80802
18-11-2021,30,80832
19-11-2021,19,80851
20-11-2021,29,80880
21-11-2021,32,80912
22-11-2021,28,80940
23-11-2021,39,80979
24-11-2021,44,81023
25-11-2021,40,81063
26-11-2021,24,81087
27-11-2021,19,81106
28-11-2021,35,81141
29-11-2021,30,81171
30-11-2021,35,81206
01-12-2021,32,81238
02-12-2021,25,81263
03-12-2021,20,81283
04-12-2021,25,81308
05-12-2021,33,81341
06-12-2021,40,81381
07-12-2021,36,81417
08-12-2021,46,81463
09-12-2021,44,81507
10-12-2021,52,81559
11-12-2021,25,81584
12-12-2021,28,81612
13-12-2021,31,81643
14-12-2021,34,81677
15-12-2021,31,81708
16-12-2021,30,81738
17-12-2021,26,81764
18-12-2021,19,81783
19-12-2021,35,81818
20-12-2021,32,81850
21-12-2021,39,81889
22-12-2021,26,81915
23-12-2021,27,81942
24-12-2021,22,81964
25-12-2021,25,81989
26-12-2021,27,82016
27-12-2021,29,82045
28-12-2021,40,82085
29-12-2021,30,82115
30-12-2021,35,82150
31-12-2021,19,82169
01-01-2022,33,82202
02-01-2022,16,82218
03-01-2022,35,82253
04-01-2022,30,82283
05-01-2022,39,82322
06-01-2022,35,82357
07-01-2022,30,82387
08-01-2022,31,82418
09-01-2022,37,82455
10-01-2022,40,82495
11-01-2022,37,82532
12-01-2022,44,82576
13-01-2022,48,82624
14-01-2022,17,82641
15-01-2022,21,82662
16-01-2022,41,82703
17-01-2022,31,82734
18-01-2022,34,82768
19-01-2022,34,82802
20-01-2022,33,82835
21-01-2022,32,82867
22-01-2022,34,82901
23-01-2022,50,82951
24-01-2022,32,82983
25-01-2022,54,83037
26-01-2022,49,83086
27-01-2022,48,83134
28-01-2022,39,83173
29-01-2022,23,83196
30-01-2022,24,83220
31-01-2022,32,83252
01-02-2022,29,83281
02-02-2022,37,83318
03-02-2022,35,83353
04-02-2022,22,83375
05-02-2022,25,83400
06-02-2022,38,83438
07-02-2022,47,83485
08-02-2022,31,83516
09-02-2022,38,83554
10-02-2022,35,83589
11-02-2022,32,83621
12-02-2022,31,83652
13-02-2022,34,83686
14-02-2022,43,83729
15-02-2022,39,83768
16-02-2022,61,83829
17-02-2022,54,83883
18-02-2022,30,83913
19-02-2022,22,83935
20-02-2022,46,83981
21-02-2022,39,84020
22-02-2022,37,84057
23-02-2022,25,84082
24-02-2022,34,84116
25-02-2022,18,84134
26-02-2022,33,84167
27-02-2022,30,84197
28-02-2022,33,84230
01-03-2022,35,84265
02-03-2022,36,84301
03-03-2022,41,84342
04-03-2022,23,84365
05-03-2022,30,84395
06-03-2022,30,84425
07-03-2022,38,84463
08-03-2022,90,84553
09-03-2022,84,84637
10-03-2022,31,84668
11-03-2022,31,84699
12-03-2022,29,84728
13-03-2022,36,84764
14-03-2022,37,84801
15-03-2022,31,84832
16-03-2022,38,84870
17-03-2022,30,84900
18-03-2022,20,84920
19-03-2022,20,84940
20-03-2022,30,84970
21-03-2022,36,85006
22-03-2022,39,85045
23-03-2022,36,85081
24-03-2022,30,85111
25-03-2022,43,85154
26-03-2022,19,85173
27-03-2022,35,85208
28-03-2022,44,85252
29-03-2022,50,85302
30-03-2022,31,85333
31-03-2022,31,85364
01-04-2022,35,85399
02-04-2022,14,85413
03-04-2022,27,85440
04-04-2022,22,85462
05-04-2022,47,85509
06-04-2022,33,85542
07-04-2022,44,85586
08-04-2022,24,85610
09-04-2022,29,85639
10-04-2022,35,85674
11-04-2022,44,85718
12-04-2022,81,85799
13-04-2022,73,85872
14-04-2022,41,85913
15-04-2022,23,85936
16-04-2022,23,85959
17-04-2022,41,86000
18-04-2022,40,86040
19-04-2022,37,86077
20-04-2022,33,86110
21-04-2022,33,86143
22-04-2022,20,86163
23-04-2022,23,86186
24-04-2022,41,86227
25-04-2022,38,86265
26-04-2022,43,86308
27-04-2022,32,86340
28-04-2022,30,86370
29-04-2022,22,86392
30-04-2022,23,86415
01-05-2022,28,86443
02-05-2022,27,86470
03-05-2022,27,86497
04-05-2022,35,86532
05-05-2022,38,86570
06-05-2022,32,86602
07-05-2022,27,86629
08-05-2022,38,86667
09-05-2022,29,86696
10-05-2022,44,86740
11-05-2022,45,86785
12-05-2022,33,86818
13-05-2022,29,86847
14-05-2022,28,86875
15-05-2022,23,86898
16-05-2022,37,86935
17-05-2022,36,86971
18-05-2022,32,87003
19-05-2022,36,87039
20-05-2022,45,87084
21-05-2022,18,87102
22-05-2022,38,87140
23-05-2022,43,87183
24-05-2022,23,87206
25-05-2022,29,87235
26-05-2022,32,87267
27-05-2022,26,87293
28-05-2022,27,87320
29-05-2022,44,87364
30-05-2022,40,87404
31-05-2022,46,87450
01-06-2022,41,87491
02-06-2022,33,87524
03-06-2022,22,87546
04-06-2022,23,87569
05-06-2022,21,87590
06-06-2022,42,87632
07-06-2022,36,87668
08-06-2022,41,87709
09-06-2022,22,87731
10-06-2022,24,87755
11-06-2022,22,87777
12-06-2022,29,87806
13-06-2022,24,87830
14-06-2022,32,87862
15-06-2022,25,87887
16-06-2022,26,87913
17-06-2022,24,87937
18-06-2022,18,87955
19-06-2022,29,87984
20-06-2022,31,88015
21-06-2022,37,88052
22-06-2022,44,88096
23-06-2022,36,88132
24-06-2022,26,88158
25-06-2022,21,88179
26-06-2022,43,88222
27-06-2022,35,88257
28-06-2022,46,88303
29-06-2022,48,88351
30-06-2022,37,88388
01-07-2022,29,88417
02-07-2022,30,88447
03-07-2022,28,88475
04-07-2022,38,88513
05-07-2022,31,88544
06-07-2022,39,88583
07-07-2022,33,88616
08-07-2022,19,88635
09-07-2022,23,88658
10-07-2022,43,88701
11-07-2022,37,88738
12-07-2022,36,88774
13-07-2022,39,88813
14-07-2022,34,88847
15-07-2022,20,88867
16-07-2022,19,88886
17-07-2022,29,88915
18-07-2022,49,88964
19-07-2022,35,88999
20-07-2022,28,89027
21-07-2022,36,89063
22-07-2022,31,89094
23-07-2022,24,89118
24-07-2022,41,89159
25-07-2022,34,89193
26-07-2022,36,89229
27-07-2022,52,89281
28-07-2022,38,89319
29-07-2022,26,89345
30-07-2022,27,89372
31-07-2022,26,89398
01-08-2022,33,89431
02-08-2022,35,89466
03-08-2022,36,89502
04-08-2022,41,89543
05-08-2022,25,89568
06-08-2022,24,89592
07-08-2022,24,89616
08-08-2022,41,89657
09-08-2022,40,89697
10-08-2022,37,89734
11-08-2022,36,89770
12-08-2022,20,89790
13-08-2022,25,89815
14-08-2022,29,89844
15-08-2022,46,89890
16-08-2022,27,89917
17-08-2022,47,89964
18-08-2022,34,89998
19-08-2022,35,90033
20-08-2022,22,90055
21-08-2022,36,90091
22-08-2022,33,90124
23-08-2022,34,90158
24-08-2022,42,90200
25-08-2022,40,90240
26-08-2022,23,90263
27-08-2022,23,90286
28-08-2022,37,90323
29-08-2022,21,90344
30-08-2022,33,90377
31-08-2022,39,90416
01-09-2022,28,90444
02-09-2022,27,90471
03-09-2022,29,90500
04-09-2022,28,90528
05-09-2022,41,90569
06-09-2022,35,90604
07-09-2022,31,90635
08-09-2022,34,90669
09-09-2022,22,90691
10-09-2022,14,90705
11-09-2022,21,90726
12-09-2022,37,90763
13-09-2022,35,90798
14-09-2022,45,90843
15-09-2022,33,90876
16-09-2022,20,90896
17-09-2022,30,90926
18-09-2022,30,90956
19-09-2022,40,90996
20-09-2022,35,91031
21-09-2022,39,91070
22-09-2022,38,91108
23-09-2022,21,91129
24-09-2022,19,91148
25-09-2022,26,91174
26-09-2022,38,91212
27-09-2022,32,91244
28-09-2022,33,91277
29-09-2022,30,91307
30-09-2022,16,91323
01-10-2022,28,91351
02-10-2022,23,91374
03-10-2022,19,91393
04-10-2022,36,91429
05-10-2022,34,91463
06-10-2022,27,91490
07-10-2022,24,91514
08-10-2022,27,91541
09-10-2022,39,91580
10-10-2022,37,91617
11-10-2022,29,91646
12-10-2022,45,91691
13-10-2022,39,91730
14-10-2022,25,91755
15-10-2022,19,91774
16-10-2022,25,91799
17-10-2022,37,91836
18-10-2022,42,91878
19-10-2022,27,91905
20-10-2022,25,91930
21-10-2022,24,91954
22-10-2022,29,91983
23-10-2022,21,92004
24-10-2022,43,92047
25-10-2022,26,92073
26-10-2022,31,92104
27-10-2022,30,92134
28-10-2022,18,92152
29-10-2022,31,92183
30-10-2022,39,92222
31-10-2022,25,92247
01-11-2022,39,92286
02-11-2022,40,92326
03-11-2022,34,92360
04-11-2022,20,92380
05-11-2022,28,92408
06-11-2022,32,92440
07-11-2022,38,92478
08-11-2022,32,92510
09-11-2022,33,92543
10-11-2022,40,92583
11-11-2022,24,92607
12-11-2022,12,92619
13-11-2022,29,92648
14-11-2022,38,92686
15-11-2022,35,92721
16-11-2022,34,92755
17-11-2022,29,92784
18-11-2022,22,92806
19-11-2022,29,92835
20-11-2022,24,92859
21-11-2022,30,92889
22-11-2022,28,92917
23-11-2022,18,92935
24-11-2022,35,92970
25-11-2022,24,92994
26-11-2022,23,93017
27-11-2022,28,93045
28-11-2022,31,93076
29-11-2022,35,93111
30-11-2022,15,93126
01-12-2022,37,93163
02-12-2022,27,93190
03-12-2022,16,93206
04-12-2022,25,93231
05-12-2022,22,93253
06-12-2022,21,93274
07-12-2022,30,93304
08-12-2022,29,93333
09-12-2022,25,93358
10-12-2022,19,93377
11-12-2022,27,93404
12-12-2022,27,93431
13-12-2022,34,93465
14-12-2022,17,93482
15-12-2022,25,93507
16-12-2022,21,93528
17-12-2022,17,93545
18-12-2022,20,93565
19-12-2022,26,93591
20-12-2022,29,93620
21-12-2022,18,93638
22-12-2022,29,93667
23-12-2022,15,93682
24-12-2022,16,93698
25-12-2022,20,93718
26-12-2022,29,93747
27-12-2022,36,93783
28-12-2022,23,93806
29-12-2022,20,93826
30-12-2022,18,93844
31-12-2022,16,93860
01-01-2023,26,93886
02-01-2023,28,93914
03-01-2023,35,93949
04-01-2023,19,93968
05-01-2023,27,93995
06-01-2023,13,94008
07-01-2023,19,94027
08-01-2023,34,94061
09-01-2023,40,94101
10-01-2023,36,94137
11-01-2023,36,94173
12-01-2023,32,94205
13-01-2023,20,94225
14-01-2023,23,94248
15-01-2023,20,94268
16-01-2023,33,94301
17-01-2023,26,94327
18-01-2023,23,94350
19-01-2023,29,94379
20-01-2023,13,94392
21-01-2023,12,94404
22-01-2023,33,94437
23-01-2023,23,94460
24-01-2023,22,94482
25-01-2023,30,94512
26-01-2023,23,94535
27-01-2023,19,94554
28-01-2023,18,94572
29-01-2023,28,94600
30-01-2023,30,94630
31-01-2023,32,94662
01-02-2023,33,94695
02-02-2023,38,94733
03-02-2023,19,94752
04-02-2023,13,94765
05-02-2023,36,94801
06-02-2023,28,94829
07-02-2023,29,94858
08-02-2023,31,94889
09-02-2023,31,94920
10-02-2023,21,94941
11-02-2023,24,94965
12-02-2023,18,94983
13-02-2023,38,95021
14-02-2023,27,95048
15-02-2023,36,95084
16-02-2023,35,95119
17-02-2023,20,95139
18-02-2023,16,95155
19-02-2023,25,95180
20-02-2023,39,95219
21-02-2023,39,95258
22-02-2023,48,95306
23-02-2023,44,95350
24-02-2023,21,95371
25-02-2023,31,95402
26-02-2023,38,95440
27-02-2023,39,95479
28-02-2023,40,95519
01-03-2023,42,95561
02-03-2023,32,95593
03-03-2023,27,95620
04-03-2023,21,95641
05-03-2023,20,95661
06-03-2023,30,95691
07-03-2023,30,95721
08-03-2023,28,95749
09-03-2023,27,95776
10-03-2023,27,95803
11-03-2023,16,95819
12-03-2023,27,95846
13-03-2023,38,95884
14-03-2023,38,95922
15-03-2023,33,95955
16-03-2023,35,95990
17-03-2023,26,96016
18-03-2023,27,96043
19-03-2023,34,96077
20-03-2023,29,96106
21-03-2023,26,96132
22-03-2023,26,96158
23-03-2023,20,96178
24-03-2023,14,96192
25-03-2023,22,96214
26-03-2023,22,96236
27-03-2023,37,96273
28-03-2023,25,96298
29-03-2023,31,96329
30-03-2023,32,96361
31-03-2023,35,96396
01-04-2023,25,96421
02-04-2023,43,96464
03-04-2023,49,96513
04-04-2023,45,96558
05-04-2023,29,96587
06-04-2023,30,96617
07-04-2023,21,96638
08-04-2023,26,96664
09-04-2023,35,96699
10-04-2023,35,96734
11-04-2023,41,96775
12-04-2023,37,96812
13-04-2023,47,96859
14-04-2023,24,96883
15-04-2023,28,96911
16-04-2023,37,96948
17-04-2023,37,96985
18-04-2023,40,97025
19-04-2023,43,97068
20-04-2023,36,97104
21-04-2023,24,97128
22-04-2023,24,97152
23-04-2023,38,97190
24-04-2023,40,97230
25-04-2023,42,97272
26-04-2023,50,97322
27-04-2023,34,97356
28-04-2023,12,97368
29-04-2023,23,97391
30-04-2023,24,97415
01-05-2023,21,97436
02-05-2023,24,97460
03-05-2023,27,97487
04-05-2023,18,97505
05-05-2023,32,97537
06-05-2023,15,97552
07-05-2023,30,97582
08-05-2023,43,97625
09-05-2023,47,97672
10-05-2023,30,97702
11-05-2023,40,97742
12-05-2023,20,97762
13-05-2023,26,97788
14-05-2023,33,97821
15-05-2023,40,97861
16-05-2023,44,97905
17-05-2023,35,97940
18-05-2023,40,97980
19-05-2023,20,98000
20-05-2023,32,98032
21-05-2023,36,98068
22-05-2023,34,98102
23-05-2023,46,98148
24-05-2023,44,98192
25-05-2023,25,98217
26-05-2023,23,98240
27-05-2023,16,98256
28-05-2023,34,98290
29-05-2023,31,98321
30-05-2023,32,98353
31-05-2023,36,98389
01-06-2023,41,98430
02-06-2023,25,98455
03-06-2023,18,98473
04-06-2023,23,98496
05-06-2023,38,98534
06-06-2023,52,98586
07-06-2023,39,98625
08-06-2023,31,98656
09-06-2023,21,98677
10-06-2023,20,98697
11-06-2023,34,98731
12-06-2023,28,98759
13-06-2023,37,98796
14-06-2023,31,98827
15-06-2023,31,98858
16-06-2023,16,98874
17-06-2023,19,98893
18-06-2023,34,98927
19-06-2023,35,98962
20-06-2023,42,99004
21-06-2023,38,99042
22-06-2023,19,99061
23-06-2023,20,99081
24-06-2023,23,99104
25-06-2023,32,99136
26-06-2023,26,99162
27-06-2023,31,99193
28-06-2023,40,99233
29-06-2023,40,99273
30-06-2023,28,99301
01-07-2023,21,99322
02-07-2023,35,99357
03-07-2023,33,99390
04-07-2023,31,99421
05-07-2023,40,99461
06-07-2023,34,99495
07-07-2023,20,99515
08-07-2023,20,99535
09-07-2023,44,99579
10-07-2023,60,99639
11-07-2023,50,99689
12-07-2023,78,99767
13-07-2023,65,99832
14-07-2023,27,99859
15-07-2023,14,99873
16-07-2023,27,99900
17-07-2023,36,99936
18-07-2023,31,99967
19-07-2023,35,100002
20-07-2023,21,100023
21-07-2023,19,100042
22-07-2023,23,100065
23-07-2023,35,100100
24-07-2023,26,100126
25-07-2023,31,100157
26-07-2023,34,100191
27-07-2023,38,100229
28-07-2023,15,100244
29-07-2023,19,100263
30-07-2023,23,100286
31-07-2023,31,100317
01-08-2023,36,100353
02-08-2023,30,100383
03-08-2023,36,100419
04-08-2023,26,100445
05-08-2023,22,100467
06-08-2023,35,100502
07-08-2023,34,100536
08-08-2023,36,100572
09-08-2023,40,100612
10-08-2023,29,100641
11-08-2023,19,100660
12-08-2023,25,100685
13-08-2023,24,100709
14-08-2023,29,100738
15-08-2023,32,100770
16-08-2023,30,100800
17-08-2023,31,100831
18-08-2023,29,100860
19-08-2023,18,100878
20-08-2023,30,100908
21-08-2023,38,100946
22-08-2023,28,100974
23-08-2023,28,101002
24-08-2023,16,101018
25-08-2023,16,101034
26-08-2023,24,101058
27-08-2023,31,101089
28-08-2023,37,101126
29-08-2023,30,101156
30-08-2023,28,101184
31-08-2023,26,101210
01-09-2023,19,101229
02-09-2023,22,101251
03-09-2023,33,101284
04-09-2023,46,101330
05-09-2023,50,101380
06-09-2023,35,101415
07-09-2023,31,101446
08-09-2023,22,101468
09-09-2023,19,101487
10-09-2023,39,101526
11-09-2023,39,101565
12-09-2023,31,101596
13-09-2023,21,101617
14-09-2023,41,101658
15-09-2023,35,101693
