date,daily-stars,total-stars
06-06-2014,0,0
07-06-2014,0,0
08-06-2014,0,0
09-06-2014,317,317
10-06-2014,442,759
11-06-2014,158,917
12-06-2014,96,1013
13-06-2014,31,1044
14-06-2014,37,1081
15-06-2014,80,1161
16-06-2014,63,1224
17-06-2014,55,1279
18-06-2014,34,1313
19-06-2014,26,1339
20-06-2014,12,1351
21-06-2014,10,1361
22-06-2014,18,1379
23-06-2014,10,1389
24-06-2014,10,1399
25-06-2014,19,1418
26-06-2014,19,1437
27-06-2014,7,1444
28-06-2014,8,1452
29-06-2014,12,1464
30-06-2014,16,1480
01-07-2014,23,1503
02-07-2014,9,1512
03-07-2014,12,1524
04-07-2014,1,1525
05-07-2014,6,1531
06-07-2014,9,1540
07-07-2014,13,1553
08-07-2014,12,1565
09-07-2014,165,1730
10-07-2014,249,1979
11-07-2014,59,2038
12-07-2014,33,2071
13-07-2014,47,2118
14-07-2014,43,2161
15-07-2014,27,2188
16-07-2014,28,2216
17-07-2014,28,2244
18-07-2014,13,2257
19-07-2014,19,2276
20-07-2014,23,2299
21-07-2014,17,2316
22-07-2014,28,2344
23-07-2014,29,2373
24-07-2014,21,2394
25-07-2014,4,2398
26-07-2014,8,2406
27-07-2014,18,2424
28-07-2014,16,2440
29-07-2014,26,2466
30-07-2014,35,2501
31-07-2014,14,2515
01-08-2014,10,2525
02-08-2014,7,2532
03-08-2014,9,2541
04-08-2014,16,2557
05-08-2014,11,2568
06-08-2014,8,2576
07-08-2014,11,2587
08-08-2014,5,2592
09-08-2014,5,2597
10-08-2014,11,2608
11-08-2014,12,2620
12-08-2014,12,2632
13-08-2014,12,2644
14-08-2014,12,2656
15-08-2014,7,2663
16-08-2014,12,2675
17-08-2014,20,2695
18-08-2014,33,2728
19-08-2014,27,2755
20-08-2014,11,2766
21-08-2014,15,2781
22-08-2014,4,2785
23-08-2014,6,2791
24-08-2014,26,2817
25-08-2014,20,2837
26-08-2014,20,2857
27-08-2014,19,2876
28-08-2014,22,2898
29-08-2014,16,2914
30-08-2014,8,2922
31-08-2014,16,2938
01-09-2014,18,2956
02-09-2014,19,2975
03-09-2014,15,2990
04-09-2014,19,3009
05-09-2014,5,3014
06-09-2014,3,3017
07-09-2014,12,3029
08-09-2014,21,3050
09-09-2014,13,3063
10-09-2014,19,3082
11-09-2014,8,3090
12-09-2014,6,3096
13-09-2014,12,3108
14-09-2014,16,3124
15-09-2014,14,3138
16-09-2014,14,3152
17-09-2014,12,3164
18-09-2014,26,3190
19-09-2014,14,3204
20-09-2014,9,3213
21-09-2014,13,3226
22-09-2014,14,3240
23-09-2014,24,3264
24-09-2014,16,3280
25-09-2014,13,3293
26-09-2014,10,3303
27-09-2014,5,3308
28-09-2014,15,3323
29-09-2014,20,3343
30-09-2014,12,3355
01-10-2014,15,3370
02-10-2014,7,3377
03-10-2014,6,3383
04-10-2014,6,3389
05-10-2014,13,3402
06-10-2014,18,3420
07-10-2014,18,3438
08-10-2014,10,3448
09-10-2014,14,3462
10-10-2014,8,3470
11-10-2014,9,3479
12-10-2014,9,3488
13-10-2014,10,3498
14-10-2014,16,3514
15-10-2014,15,3529
16-10-2014,12,3541
17-10-2014,9,3550
18-10-2014,8,3558
19-10-2014,12,3570
20-10-2014,14,3584
21-10-2014,15,3599
22-10-2014,19,3618
23-10-2014,12,3630
24-10-2014,8,3638
25-10-2014,9,3647
26-10-2014,15,3662
27-10-2014,12,3674
28-10-2014,13,3687
29-10-2014,25,3712
30-10-2014,14,3726
31-10-2014,10,3736
01-11-2014,10,3746
02-11-2014,15,3761
03-11-2014,58,3819
04-11-2014,70,3889
05-11-2014,27,3916
06-11-2014,31,3947
07-11-2014,9,3956
08-11-2014,17,3973
09-11-2014,27,4000
10-11-2014,61,4061
11-11-2014,54,4115
12-11-2014,54,4169
13-11-2014,26,4195
14-11-2014,21,4216
15-11-2014,14,4230
16-11-2014,25,4255
17-11-2014,21,4276
18-11-2014,20,4296
19-11-2014,32,4328
20-11-2014,20,4348
21-11-2014,18,4366
22-11-2014,16,4382
23-11-2014,20,4402
24-11-2014,15,4417
25-11-2014,18,4435
26-11-2014,32,4467
27-11-2014,32,4499
28-11-2014,11,4510
29-11-2014,22,4532
30-11-2014,16,4548
01-12-2014,23,4571
02-12-2014,22,4593
03-12-2014,46,4639
04-12-2014,23,4662
05-12-2014,17,4679
06-12-2014,10,4689
07-12-2014,11,4700
08-12-2014,20,4720
09-12-2014,17,4737
10-12-2014,19,4756
11-12-2014,14,4770
12-12-2014,13,4783
13-12-2014,14,4797
14-12-2014,14,4811
15-12-2014,19,4830
16-12-2014,18,4848
17-12-2014,10,4858
18-12-2014,11,4869
19-12-2014,11,4880
20-12-2014,9,4889
21-12-2014,9,4898
22-12-2014,14,4912
23-12-2014,5,4917
24-12-2014,7,4924
25-12-2014,8,4932
26-12-2014,6,4938
27-12-2014,6,4944
28-12-2014,10,4954
29-12-2014,10,4964
30-12-2014,6,4970
31-12-2014,7,4977
01-01-2015,8,4985
02-01-2015,9,4994
03-01-2015,11,5005
04-01-2015,14,5019
05-01-2015,9,5028
06-01-2015,13,5041
07-01-2015,12,5053
08-01-2015,14,5067
09-01-2015,6,5073
10-01-2015,6,5079
11-01-2015,11,5090
12-01-2015,12,5102
13-01-2015,16,5118
14-01-2015,17,5135
15-01-2015,12,5147
16-01-2015,6,5153
17-01-2015,10,5163
18-01-2015,13,5176
19-01-2015,14,5190
20-01-2015,13,5203
21-01-2015,15,5218
22-01-2015,12,5230
23-01-2015,8,5238
24-01-2015,11,5249
25-01-2015,7,5256
26-01-2015,16,5272
27-01-2015,14,5286
28-01-2015,19,5305
29-01-2015,17,5322
30-01-2015,7,5329
31-01-2015,13,5342
01-02-2015,25,5367
02-02-2015,14,5381
03-02-2015,20,5401
04-02-2015,15,5416
05-02-2015,14,5430
06-02-2015,13,5443
07-02-2015,4,5447
08-02-2015,12,5459
09-02-2015,22,5481
10-02-2015,13,5494
11-02-2015,12,5506
12-02-2015,15,5521
13-02-2015,8,5529
14-02-2015,9,5538
15-02-2015,21,5559
16-02-2015,10,5569
17-02-2015,10,5579
18-02-2015,10,5589
19-02-2015,3,5592
20-02-2015,7,5599
21-02-2015,9,5608
22-02-2015,7,5615
23-02-2015,11,5626
24-02-2015,19,5645
25-02-2015,15,5660
26-02-2015,17,5677
27-02-2015,9,5686
28-02-2015,6,5692
01-03-2015,6,5698
02-03-2015,23,5721
03-03-2015,19,5740
04-03-2015,11,5751
05-03-2015,13,5764
06-03-2015,10,5774
07-03-2015,8,5782
08-03-2015,12,5794
09-03-2015,16,5810
10-03-2015,11,5821
11-03-2015,14,5835
12-03-2015,18,5853
13-03-2015,5,5858
14-03-2015,11,5869
15-03-2015,13,5882
16-03-2015,18,5900
17-03-2015,19,5919
18-03-2015,14,5933
19-03-2015,12,5945
20-03-2015,13,5958
21-03-2015,5,5963
22-03-2015,11,5974
23-03-2015,16,5990
24-03-2015,15,6005
25-03-2015,15,6020
26-03-2015,16,6036
27-03-2015,7,6043
28-03-2015,8,6051
29-03-2015,15,6066
30-03-2015,16,6082
31-03-2015,20,6102
01-04-2015,18,6120
02-04-2015,14,6134
03-04-2015,7,6141
04-04-2015,9,6150
05-04-2015,33,6183
06-04-2015,33,6216
07-04-2015,21,6237
08-04-2015,19,6256
09-04-2015,16,6272
10-04-2015,8,6280
11-04-2015,10,6290
12-04-2015,18,6308
13-04-2015,18,6326
14-04-2015,20,6346
15-04-2015,22,6368
16-04-2015,24,6392
17-04-2015,16,6408
18-04-2015,23,6431
19-04-2015,17,6448
20-04-2015,27,6475
21-04-2015,14,6489
22-04-2015,25,6514
23-04-2015,37,6551
24-04-2015,13,6564
25-04-2015,8,6572
26-04-2015,13,6585
27-04-2015,17,6602
28-04-2015,12,6614
29-04-2015,13,6627
30-04-2015,16,6643
01-05-2015,7,6650
02-05-2015,3,6653
03-05-2015,8,6661
04-05-2015,22,6683
05-05-2015,25,6708
06-05-2015,20,6728
07-05-2015,16,6744
08-05-2015,9,6753
09-05-2015,10,6763
10-05-2015,9,6772
11-05-2015,18,6790
12-05-2015,19,6809
13-05-2015,19,6828
14-05-2015,16,6844
15-05-2015,8,6852
16-05-2015,9,6861
17-05-2015,22,6883
18-05-2015,64,6947
19-05-2015,30,6977
20-05-2015,34,7011
21-05-2015,25,7036
22-05-2015,6,7042
23-05-2015,6,7048
24-05-2015,17,7065
25-05-2015,11,7076
26-05-2015,12,7088
27-05-2015,26,7114
28-05-2015,18,7132
29-05-2015,5,7137
30-05-2015,8,7145
31-05-2015,12,7157
01-06-2015,19,7176
02-06-2015,39,7215
03-06-2015,33,7248
04-06-2015,24,7272
05-06-2015,6,7278
06-06-2015,10,7288
07-06-2015,18,7306
08-06-2015,19,7325
09-06-2015,33,7358
10-06-2015,61,7419
11-06-2015,48,7467
12-06-2015,22,7489
13-06-2015,16,7505
14-06-2015,30,7535
15-06-2015,23,7558
16-06-2015,16,7574
17-06-2015,20,7594
18-06-2015,17,7611
19-06-2015,9,7620
20-06-2015,9,7629
21-06-2015,13,7642
22-06-2015,18,7660
23-06-2015,14,7674
24-06-2015,25,7699
25-06-2015,11,7710
26-06-2015,10,7720
27-06-2015,6,7726
28-06-2015,16,7742
29-06-2015,16,7758
30-06-2015,16,7774
01-07-2015,20,7794
02-07-2015,10,7804
03-07-2015,8,7812
04-07-2015,4,7816
05-07-2015,11,7827
06-07-2015,14,7841
07-07-2015,17,7858
08-07-2015,20,7878
09-07-2015,18,7896
10-07-2015,15,7911
11-07-2015,17,7928
12-07-2015,26,7954
13-07-2015,19,7973
14-07-2015,15,7988
15-07-2015,22,8010
16-07-2015,13,8023
17-07-2015,9,8032
18-07-2015,13,8045
19-07-2015,19,8064
20-07-2015,104,8168
21-07-2015,75,8243
22-07-2015,52,8295
23-07-2015,32,8327
24-07-2015,24,8351
25-07-2015,16,8367
26-07-2015,32,8399
27-07-2015,31,8430
28-07-2015,21,8451
29-07-2015,21,8472
30-07-2015,13,8485
31-07-2015,11,8496
01-08-2015,7,8503
02-08-2015,15,8518
03-08-2015,10,8528
04-08-2015,17,8545
05-08-2015,20,8565
06-08-2015,12,8577
07-08-2015,12,8589
08-08-2015,8,8597
09-08-2015,20,8617
10-08-2015,21,8638
11-08-2015,33,8671
12-08-2015,17,8688
13-08-2015,13,8701
14-08-2015,4,8705
15-08-2015,9,8714
16-08-2015,17,8731
17-08-2015,20,8751
18-08-2015,25,8776
19-08-2015,19,8795
20-08-2015,17,8812
21-08-2015,15,8827
22-08-2015,7,8834
23-08-2015,12,8846
24-08-2015,12,8858
25-08-2015,12,8870
26-08-2015,15,8885
27-08-2015,13,8898
28-08-2015,12,8910
29-08-2015,15,8925
30-08-2015,22,8947
31-08-2015,21,8968
01-09-2015,27,8995
02-09-2015,17,9012
03-09-2015,16,9028
04-09-2015,9,9037
05-09-2015,9,9046
06-09-2015,13,9059
07-09-2015,25,9084
08-09-2015,16,9100
09-09-2015,24,9124
10-09-2015,14,9138
11-09-2015,6,9144
12-09-2015,6,9150
13-09-2015,27,9177
14-09-2015,25,9202
15-09-2015,22,9224
16-09-2015,20,9244
17-09-2015,16,9260
18-09-2015,16,9276
19-09-2015,13,9289
20-09-2015,14,9303
21-09-2015,30,9333
22-09-2015,16,9349
23-09-2015,12,9361
24-09-2015,17,9378
25-09-2015,12,9390
26-09-2015,9,9399
27-09-2015,24,9423
28-09-2015,13,9436
29-09-2015,13,9449
30-09-2015,11,9460
01-10-2015,9,9469
02-10-2015,9,9478
03-10-2015,8,9486
04-10-2015,15,9501
05-10-2015,15,9516
06-10-2015,15,9531
07-10-2015,14,9545
08-10-2015,14,9559
09-10-2015,10,9569
10-10-2015,6,9575
11-10-2015,19,9594
12-10-2015,26,9620
13-10-2015,15,9635
14-10-2015,20,9655
15-10-2015,14,9669
16-10-2015,12,9681
17-10-2015,6,9687
18-10-2015,16,9703
19-10-2015,23,9726
20-10-2015,15,9741
21-10-2015,19,9760
22-10-2015,7,9767
23-10-2015,12,9779
24-10-2015,7,9786
25-10-2015,21,9807
26-10-2015,24,9831
27-10-2015,21,9852
28-10-2015,14,9866
29-10-2015,30,9896
30-10-2015,9,9905
31-10-2015,7,9912
01-11-2015,24,9936
02-11-2015,17,9953
03-11-2015,22,9975
04-11-2015,27,10002
05-11-2015,20,10022
06-11-2015,10,10032
07-11-2015,9,10041
08-11-2015,20,10061
09-11-2015,32,10093
10-11-2015,17,10110
11-11-2015,25,10135
12-11-2015,24,10159
13-11-2015,13,10172
14-11-2015,9,10181
15-11-2015,19,10200
16-11-2015,12,10212
17-11-2015,18,10230
18-11-2015,15,10245
19-11-2015,18,10263
20-11-2015,5,10268
21-11-2015,9,10277
22-11-2015,18,10295
23-11-2015,25,10320
24-11-2015,30,10350
25-11-2015,20,10370
26-11-2015,20,10390
27-11-2015,6,10396
28-11-2015,12,10408
29-11-2015,16,10424
30-11-2015,27,10451
01-12-2015,16,10467
02-12-2015,20,10487
03-12-2015,10,10497
04-12-2015,10,10507
05-12-2015,15,10522
06-12-2015,23,10545
07-12-2015,17,10562
08-12-2015,18,10580
09-12-2015,16,10596
10-12-2015,10,10606
11-12-2015,8,10614
12-12-2015,3,10617
13-12-2015,11,10628
14-12-2015,13,10641
15-12-2015,13,10654
16-12-2015,13,10667
17-12-2015,8,10675
18-12-2015,5,10680
19-12-2015,5,10685
20-12-2015,10,10695
21-12-2015,7,10702
22-12-2015,10,10712
23-12-2015,7,10719
24-12-2015,7,10726
25-12-2015,4,10730
26-12-2015,7,10737
27-12-2015,17,10754
28-12-2015,16,10770
29-12-2015,11,10781
30-12-2015,10,10791
31-12-2015,5,10796
01-01-2016,7,10803
02-01-2016,2,10805
03-01-2016,17,10822
04-01-2016,16,10838
05-01-2016,24,10862
06-01-2016,13,10875
07-01-2016,13,10888
08-01-2016,7,10895
09-01-2016,10,10905
10-01-2016,12,10917
11-01-2016,28,10945
12-01-2016,19,10964
13-01-2016,25,10989
14-01-2016,19,11008
15-01-2016,11,11019
16-01-2016,9,11028
17-01-2016,19,11047
18-01-2016,22,11069
19-01-2016,22,11091
20-01-2016,23,11114
21-01-2016,21,11135
22-01-2016,9,11144
23-01-2016,10,11154
24-01-2016,21,11175
25-01-2016,28,11203
26-01-2016,21,11224
27-01-2016,17,11241
28-01-2016,18,11259
29-01-2016,15,11274
30-01-2016,13,11287
31-01-2016,11,11298
01-02-2016,12,11310
02-02-2016,23,11333
03-02-2016,13,11346
04-02-2016,19,11365
05-02-2016,13,11378
06-02-2016,9,11387
07-02-2016,15,11402
08-02-2016,11,11413
09-02-2016,13,11426
10-02-2016,17,11443
11-02-2016,18,11461
12-02-2016,8,11469
13-02-2016,21,11490
14-02-2016,18,11508
15-02-2016,26,11534
16-02-2016,16,11550
17-02-2016,21,11571
18-02-2016,26,11597
19-02-2016,10,11607
20-02-2016,9,11616
21-02-2016,13,11629
22-02-2016,26,11655
23-02-2016,24,11679
24-02-2016,15,11694
25-02-2016,32,11726
26-02-2016,12,11738
27-02-2016,17,11755
28-02-2016,22,11777
29-02-2016,18,11795
01-03-2016,17,11812
02-03-2016,23,11835
03-03-2016,13,11848
04-03-2016,8,11856
05-03-2016,13,11869
06-03-2016,11,11880
07-03-2016,20,11900
08-03-2016,17,11917
09-03-2016,25,11942
10-03-2016,21,11963
11-03-2016,14,11977
12-03-2016,18,11995
13-03-2016,20,12015
14-03-2016,20,12035
15-03-2016,22,12057
16-03-2016,25,12082
17-03-2016,21,12103
18-03-2016,20,12123
19-03-2016,28,12151
20-03-2016,31,12182
21-03-2016,29,12211
22-03-2016,23,12234
23-03-2016,23,12257
24-03-2016,24,12281
25-03-2016,18,12299
26-03-2016,13,12312
27-03-2016,29,12341
28-03-2016,32,12373
29-03-2016,25,12398
30-03-2016,15,12413
31-03-2016,12,12425
01-04-2016,7,12432
02-04-2016,7,12439
03-04-2016,18,12457
04-04-2016,14,12471
05-04-2016,13,12484
06-04-2016,24,12508
07-04-2016,13,12521
08-04-2016,12,12533
09-04-2016,9,12542
10-04-2016,22,12564
11-04-2016,15,12579
12-04-2016,15,12594
13-04-2016,23,12617
14-04-2016,17,12634
15-04-2016,11,12645
16-04-2016,11,12656
17-04-2016,22,12678
18-04-2016,18,12696
19-04-2016,23,12719
20-04-2016,24,12743
21-04-2016,15,12758
22-04-2016,11,12769
23-04-2016,13,12782
24-04-2016,20,12802
25-04-2016,29,12831
26-04-2016,16,12847
27-04-2016,17,12864
28-04-2016,19,12883
29-04-2016,16,12899
30-04-2016,7,12906
01-05-2016,11,12917
02-05-2016,11,12928
03-05-2016,24,12952
04-05-2016,15,12967
05-05-2016,24,12991
06-05-2016,3,12994
07-05-2016,12,13006
08-05-2016,11,13017
09-05-2016,13,13030
10-05-2016,26,13056
11-05-2016,23,13079
12-05-2016,18,13097
13-05-2016,14,13111
14-05-2016,7,13118
15-05-2016,22,13140
16-05-2016,16,13156
17-05-2016,16,13172
18-05-2016,20,13192
19-05-2016,15,13207
20-05-2016,12,13219
21-05-2016,15,13234
22-05-2016,14,13248
23-05-2016,22,13270
24-05-2016,32,13302
25-05-2016,26,13328
26-05-2016,19,13347
27-05-2016,11,13358
28-05-2016,4,13362
29-05-2016,13,13375
30-05-2016,22,13397
31-05-2016,17,13414
01-06-2016,24,13438
02-06-2016,15,13453
03-06-2016,12,13465
04-06-2016,5,13470
05-06-2016,17,13487
06-06-2016,18,13505
07-06-2016,18,13523
08-06-2016,19,13542
09-06-2016,18,13560
10-06-2016,10,13570
11-06-2016,14,13584
12-06-2016,9,13593
13-06-2016,13,13606
14-06-2016,18,13624
15-06-2016,21,13645
16-06-2016,18,13663
17-06-2016,11,13674
18-06-2016,13,13687
19-06-2016,16,13703
20-06-2016,14,13717
21-06-2016,26,13743
22-06-2016,15,13758
23-06-2016,22,13780
24-06-2016,8,13788
25-06-2016,6,13794
26-06-2016,9,13803
27-06-2016,13,13816
28-06-2016,24,13840
29-06-2016,22,13862
30-06-2016,19,13881
01-07-2016,34,13915
02-07-2016,26,13941
03-07-2016,26,13967
04-07-2016,19,13986
05-07-2016,22,14008
06-07-2016,28,14036
07-07-2016,22,14058
08-07-2016,14,14072
09-07-2016,15,14087
10-07-2016,30,14117
11-07-2016,22,14139
12-07-2016,24,14163
13-07-2016,18,14181
14-07-2016,24,14205
15-07-2016,4,14209
16-07-2016,11,14220
17-07-2016,20,14240
18-07-2016,23,14263
19-07-2016,24,14287
20-07-2016,20,14307
21-07-2016,29,14336
22-07-2016,10,14346
23-07-2016,19,14365
24-07-2016,21,14386
25-07-2016,22,14408
26-07-2016,30,14438
27-07-2016,21,14459
28-07-2016,22,14481
29-07-2016,8,14489
30-07-2016,13,14502
31-07-2016,25,14527
01-08-2016,24,14551
02-08-2016,13,14564
03-08-2016,18,14582
04-08-2016,27,14609
05-08-2016,10,14619
06-08-2016,8,14627
07-08-2016,17,14644
08-08-2016,22,14666
09-08-2016,20,14686
10-08-2016,17,14703
11-08-2016,17,14720
12-08-2016,12,14732
13-08-2016,11,14743
14-08-2016,15,14758
15-08-2016,14,14772
16-08-2016,17,14789
17-08-2016,21,14810
18-08-2016,14,14824
19-08-2016,13,14837
20-08-2016,12,14849
21-08-2016,19,14868
22-08-2016,14,14882
23-08-2016,25,14907
24-08-2016,17,14924
25-08-2016,16,14940
26-08-2016,18,14958
27-08-2016,10,14968
28-08-2016,22,14990
29-08-2016,31,15021
30-08-2016,19,15040
31-08-2016,26,15066
01-09-2016,11,15077
02-09-2016,7,15084
03-09-2016,13,15097
04-09-2016,14,15111
05-09-2016,25,15136
06-09-2016,27,15163
07-09-2016,22,15185
08-09-2016,52,15237
09-09-2016,29,15266
10-09-2016,17,15283
11-09-2016,29,15312
12-09-2016,28,15340
13-09-2016,24,15364
14-09-2016,27,15391
15-09-2016,24,15415
16-09-2016,9,15424
17-09-2016,16,15440
18-09-2016,34,15474
19-09-2016,17,15491
20-09-2016,25,15516
21-09-2016,25,15541
22-09-2016,16,15557
23-09-2016,12,15569
24-09-2016,11,15580
25-09-2016,32,15612
26-09-2016,36,15648
27-09-2016,43,15691
28-09-2016,40,15731
29-09-2016,36,15767
30-09-2016,12,15779
01-10-2016,11,15790
02-10-2016,20,15810
03-10-2016,17,15827
04-10-2016,21,15848
05-10-2016,25,15873
06-10-2016,26,15899
07-10-2016,18,15917
08-10-2016,24,15941
09-10-2016,16,15957
10-10-2016,23,15980
11-10-2016,31,16011
12-10-2016,39,16050
13-10-2016,28,16078
14-10-2016,19,16097
15-10-2016,22,16119
16-10-2016,41,16160
17-10-2016,40,16200
18-10-2016,27,16227
19-10-2016,55,16282
20-10-2016,26,16308
21-10-2016,26,16334
22-10-2016,15,16349
23-10-2016,28,16377
24-10-2016,31,16408
25-10-2016,27,16435
26-10-2016,27,16462
27-10-2016,12,16474
28-10-2016,9,16483
29-10-2016,14,16497
30-10-2016,29,16526
31-10-2016,29,16555
01-11-2016,27,16582
02-11-2016,27,16609
03-11-2016,33,16642
04-11-2016,15,16657
05-11-2016,13,16670
06-11-2016,33,16703
07-11-2016,28,16731
08-11-2016,27,16758
09-11-2016,31,16789
10-11-2016,20,16809
11-11-2016,11,16820
12-11-2016,14,16834
13-11-2016,20,16854
14-11-2016,30,16884
15-11-2016,21,16905
16-11-2016,28,16933
17-11-2016,27,16960
18-11-2016,15,16975
19-11-2016,9,16984
20-11-2016,22,17006
21-11-2016,39,17045
22-11-2016,30,17075
23-11-2016,27,17102
24-11-2016,21,17123
25-11-2016,16,17139
26-11-2016,17,17156
27-11-2016,31,17187
28-11-2016,31,17218
29-11-2016,29,17247
30-11-2016,33,17280
01-12-2016,16,17296
02-12-2016,17,17313
03-12-2016,12,17325
04-12-2016,24,17349
05-12-2016,23,17372
06-12-2016,28,17400
07-12-2016,41,17441
08-12-2016,34,17475
09-12-2016,9,17484
10-12-2016,14,17498
11-12-2016,27,17525
12-12-2016,95,17620
13-12-2016,49,17669
14-12-2016,25,17694
15-12-2016,19,17713
16-12-2016,17,17730
17-12-2016,15,17745
18-12-2016,19,17764
19-12-2016,29,17793
20-12-2016,22,17815
21-12-2016,29,17844
22-12-2016,22,17866
23-12-2016,11,17877
24-12-2016,11,17888
25-12-2016,20,17908
26-12-2016,22,17930
27-12-2016,25,17955
28-12-2016,28,17983
29-12-2016,19,18002
30-12-2016,15,18017
31-12-2016,5,18022
01-01-2017,16,18038
02-01-2017,22,18060
03-01-2017,17,18077
04-01-2017,28,18105
05-01-2017,23,18128
06-01-2017,11,18139
07-01-2017,21,18160
08-01-2017,16,18176
09-01-2017,26,18202
10-01-2017,17,18219
11-01-2017,22,18241
12-01-2017,22,18263
13-01-2017,12,18275
14-01-2017,10,18285
15-01-2017,26,18311
16-01-2017,27,18338
17-01-2017,16,18354
18-01-2017,28,18382
19-01-2017,31,18413
20-01-2017,18,18431
21-01-2017,16,18447
22-01-2017,30,18477
23-01-2017,18,18495
24-01-2017,18,18513
25-01-2017,23,18536
26-01-2017,18,18554
27-01-2017,9,18563
28-01-2017,7,18570
29-01-2017,15,18585
30-01-2017,20,18605
31-01-2017,22,18627
01-02-2017,23,18650
02-02-2017,25,18675
03-02-2017,26,18701
04-02-2017,11,18712
05-02-2017,23,18735
06-02-2017,27,18762
07-02-2017,29,18791
08-02-2017,34,18825
09-02-2017,32,18857
10-02-2017,25,18882
11-02-2017,19,18901
12-02-2017,31,18932
13-02-2017,32,18964
14-02-2017,22,18986
15-02-2017,35,19021
16-02-2017,30,19051
17-02-2017,25,19076
18-02-2017,24,19100
19-02-2017,25,19125
20-02-2017,38,19163
21-02-2017,54,19217
22-02-2017,28,19245
23-02-2017,23,19268
24-02-2017,15,19283
25-02-2017,14,19297
26-02-2017,39,19336
27-02-2017,28,19364
28-02-2017,31,19395
01-03-2017,42,19437
02-03-2017,25,19462
03-03-2017,19,19481
04-03-2017,17,19498
05-03-2017,24,19522
06-03-2017,25,19547
07-03-2017,40,19587
08-03-2017,30,19617
09-03-2017,18,19635
10-03-2017,11,19646
11-03-2017,12,19658
12-03-2017,43,19701
13-03-2017,39,19740
14-03-2017,55,19795
15-03-2017,39,19834
16-03-2017,22,19856
17-03-2017,19,19875
18-03-2017,20,19895
19-03-2017,33,19928
20-03-2017,26,19954
21-03-2017,35,19989
22-03-2017,34,20023
23-03-2017,29,20052
24-03-2017,24,20076
25-03-2017,22,20098
26-03-2017,35,20133
27-03-2017,39,20172
28-03-2017,52,20224
29-03-2017,39,20263
30-03-2017,24,20287
31-03-2017,28,20315
01-04-2017,19,20334
02-04-2017,25,20359
03-04-2017,22,20381
04-04-2017,36,20417
05-04-2017,21,20438
06-04-2017,28,20466
07-04-2017,19,20485
08-04-2017,8,20493
09-04-2017,30,20523
10-04-2017,34,20557
11-04-2017,26,20583
12-04-2017,36,20619
13-04-2017,31,20650
14-04-2017,16,20666
15-04-2017,14,20680
16-04-2017,16,20696
17-04-2017,18,20714
18-04-2017,22,20736
19-04-2017,35,20771
20-04-2017,19,20790
21-04-2017,15,20805
22-04-2017,16,20821
23-04-2017,44,20865
24-04-2017,40,20905
25-04-2017,28,20933
26-04-2017,32,20965
27-04-2017,36,21001
28-04-2017,17,21018
29-04-2017,12,21030
30-04-2017,22,21052
01-05-2017,38,21090
02-05-2017,28,21118
03-05-2017,30,21148
04-05-2017,24,21172
05-05-2017,10,21182
06-05-2017,11,21193
07-05-2017,27,21220
08-05-2017,28,21248
09-05-2017,25,21273
10-05-2017,41,21314
11-05-2017,31,21345
12-05-2017,13,21358
13-05-2017,20,21378
14-05-2017,30,21408
15-05-2017,29,21437
16-05-2017,41,21478
17-05-2017,25,21503
18-05-2017,28,21531
19-05-2017,12,21543
20-05-2017,16,21559
21-05-2017,40,21599
22-05-2017,47,21646
23-05-2017,33,21679
24-05-2017,26,21705
25-05-2017,27,21732
26-05-2017,14,21746
27-05-2017,8,21754
28-05-2017,15,21769
29-05-2017,16,21785
30-05-2017,28,21813
31-05-2017,36,21849
01-06-2017,36,21885
02-06-2017,13,21898
03-06-2017,14,21912
04-06-2017,29,21941
05-06-2017,31,21972
06-06-2017,30,22002
07-06-2017,32,22034
08-06-2017,29,22063
09-06-2017,24,22087
10-06-2017,16,22103
11-06-2017,36,22139
12-06-2017,21,22160
13-06-2017,30,22190
14-06-2017,36,22226
15-06-2017,37,22263
16-06-2017,13,22276
17-06-2017,10,22286
18-06-2017,23,22309
19-06-2017,37,22346
20-06-2017,36,22382
21-06-2017,32,22414
22-06-2017,28,22442
23-06-2017,14,22456
24-06-2017,14,22470
25-06-2017,22,22492
26-06-2017,35,22527
27-06-2017,34,22561
28-06-2017,40,22601
29-06-2017,34,22635
30-06-2017,14,22649
01-07-2017,15,22664
02-07-2017,30,22694
03-07-2017,34,22728
04-07-2017,32,22760
05-07-2017,40,22800
06-07-2017,32,22832
07-07-2017,11,22843
08-07-2017,16,22859
09-07-2017,28,22887
10-07-2017,31,22918
11-07-2017,55,22973
12-07-2017,42,23015
13-07-2017,34,23049
14-07-2017,26,23075
15-07-2017,13,23088
16-07-2017,31,23119
17-07-2017,32,23151
18-07-2017,43,23194
19-07-2017,32,23226
20-07-2017,29,23255
21-07-2017,24,23279
22-07-2017,20,23299
23-07-2017,23,23322
24-07-2017,26,23348
25-07-2017,34,23382
26-07-2017,27,23409
27-07-2017,35,23444
28-07-2017,17,23461
29-07-2017,11,23472
30-07-2017,22,23494
31-07-2017,67,23561
01-08-2017,31,23592
02-08-2017,37,23629
03-08-2017,36,23665
04-08-2017,19,23684
05-08-2017,14,23698
06-08-2017,25,23723
07-08-2017,37,23760
08-08-2017,47,23807
09-08-2017,44,23851
10-08-2017,33,23884
11-08-2017,8,23892
12-08-2017,9,23901
13-08-2017,31,23932
14-08-2017,34,23966
15-08-2017,39,24005
16-08-2017,49,24054
17-08-2017,47,24101
18-08-2017,24,24125
19-08-2017,16,24141
20-08-2017,41,24182
21-08-2017,37,24219
22-08-2017,35,24254
23-08-2017,31,24285
24-08-2017,20,24305
25-08-2017,14,24319
26-08-2017,17,24336
27-08-2017,34,24370
28-08-2017,34,24404
29-08-2017,50,24454
30-08-2017,34,24488
31-08-2017,27,24515
01-09-2017,15,24530
02-09-2017,18,24548
03-09-2017,17,24565
04-09-2017,31,24596
05-09-2017,39,24635
06-09-2017,31,24666
07-09-2017,35,24701
08-09-2017,14,24715
09-09-2017,14,24729
10-09-2017,28,24757
11-09-2017,30,24787
12-09-2017,25,24812
13-09-2017,31,24843
14-09-2017,38,24881
15-09-2017,14,24895
16-09-2017,9,24904
17-09-2017,31,24935
18-09-2017,33,24968
19-09-2017,43,25011
20-09-2017,31,25042
21-09-2017,17,25059
22-09-2017,14,25073
23-09-2017,17,25090
24-09-2017,23,25113
25-09-2017,40,25153
26-09-2017,33,25186
27-09-2017,24,25210
28-09-2017,48,25258
29-09-2017,33,25291
30-09-2017,18,25309
01-10-2017,18,25327
02-10-2017,18,25345
03-10-2017,24,25369
04-10-2017,14,25383
05-10-2017,27,25410
06-10-2017,11,25421
07-10-2017,10,25431
08-10-2017,19,25450
09-10-2017,26,25476
10-10-2017,38,25514
11-10-2017,63,25577
12-10-2017,63,25640
13-10-2017,24,25664
14-10-2017,14,25678
15-10-2017,35,25713
16-10-2017,51,25764
17-10-2017,38,25802
18-10-2017,57,25859
19-10-2017,48,25907
20-10-2017,19,25926
21-10-2017,28,25954
22-10-2017,52,26006
23-10-2017,42,26048
24-10-2017,44,26092
25-10-2017,42,26134
26-10-2017,41,26175
27-10-2017,32,26207
28-10-2017,27,26234
29-10-2017,27,26261
30-10-2017,36,26297
31-10-2017,37,26334
01-11-2017,37,26371
02-11-2017,42,26413
03-11-2017,24,26437
04-11-2017,31,26468
05-11-2017,41,26509
06-11-2017,50,26559
07-11-2017,30,26589
08-11-2017,46,26635
09-11-2017,43,26678
10-11-2017,28,26706
11-11-2017,20,26726
12-11-2017,43,26769
13-11-2017,43,26812
14-11-2017,34,26846
15-11-2017,50,26896
16-11-2017,40,26936
17-11-2017,26,26962
18-11-2017,19,26981
19-11-2017,32,27013
20-11-2017,31,27044
21-11-2017,48,27092
22-11-2017,35,27127
23-11-2017,32,27159
24-11-2017,25,27184
25-11-2017,20,27204
26-11-2017,45,27249
27-11-2017,38,27287
28-11-2017,43,27330
29-11-2017,48,27378
30-11-2017,45,27423
01-12-2017,30,27453
02-12-2017,21,27474
03-12-2017,27,27501
04-12-2017,48,27549
05-12-2017,40,27589
06-12-2017,51,27640
07-12-2017,42,27682
08-12-2017,31,27713
09-12-2017,27,27740
10-12-2017,47,27787
11-12-2017,44,27831
12-12-2017,47,27878
13-12-2017,43,27921
14-12-2017,44,27965
15-12-2017,23,27988
16-12-2017,23,28011
17-12-2017,41,28052
18-12-2017,46,28098
19-12-2017,55,28153
20-12-2017,44,28197
21-12-2017,45,28242
22-12-2017,14,28256
23-12-2017,21,28277
24-12-2017,25,28302
25-12-2017,40,28342
26-12-2017,28,28370
27-12-2017,31,28401
28-12-2017,25,28426
29-12-2017,13,28439
30-12-2017,14,28453
31-12-2017,15,28468
01-01-2018,64,28532
02-01-2018,48,28580
03-01-2018,53,28633
04-01-2018,35,28668
05-01-2018,21,28689
06-01-2018,25,28714
07-01-2018,51,28765
08-01-2018,54,28819
09-01-2018,73,28892
10-01-2018,42,28934
11-01-2018,35,28969
12-01-2018,16,28985
13-01-2018,28,29013
14-01-2018,48,29061
15-01-2018,58,29119
16-01-2018,44,29163
17-01-2018,67,29230
18-01-2018,43,29273
19-01-2018,28,29301
20-01-2018,24,29325
21-01-2018,41,29366
22-01-2018,36,29402
23-01-2018,56,29458
24-01-2018,47,29505
25-01-2018,38,29543
26-01-2018,22,29565
27-01-2018,20,29585
28-01-2018,39,29624
29-01-2018,49,29673
30-01-2018,35,29708
31-01-2018,51,29759
01-02-2018,45,29804
02-02-2018,30,29834
03-02-2018,34,29868
04-02-2018,55,29923
05-02-2018,54,29977
06-02-2018,53,30030
07-02-2018,37,30067
08-02-2018,56,30123
09-02-2018,31,30154
10-02-2018,28,30182
11-02-2018,41,30223
12-02-2018,39,30262
13-02-2018,28,30290
14-02-2018,31,30321
15-02-2018,25,30346
16-02-2018,22,30368
17-02-2018,11,30379
18-02-2018,26,30405
19-02-2018,44,30449
20-02-2018,35,30484
21-02-2018,32,30516
22-02-2018,47,30563
23-02-2018,28,30591
24-02-2018,18,30609
25-02-2018,49,30658
26-02-2018,49,30707
27-02-2018,49,30756
28-02-2018,67,30823
01-03-2018,42,30865
02-03-2018,29,30894
03-03-2018,21,30915
04-03-2018,102,31017
05-03-2018,53,31070
06-03-2018,47,31117
07-03-2018,46,31163
08-03-2018,48,31211
09-03-2018,33,31244
10-03-2018,28,31272
11-03-2018,41,31313
12-03-2018,55,31368
13-03-2018,39,31407
14-03-2018,49,31456
15-03-2018,35,31491
16-03-2018,23,31514
17-03-2018,29,31543
18-03-2018,43,31586
19-03-2018,62,31648
20-03-2018,62,31710
21-03-2018,46,31756
22-03-2018,50,31806
23-03-2018,20,31826
24-03-2018,34,31860
25-03-2018,39,31899
26-03-2018,61,31960
27-03-2018,64,32024
28-03-2018,51,32075
29-03-2018,41,32116
30-03-2018,28,32144
31-03-2018,16,32160
01-04-2018,40,32200
02-04-2018,46,32246
03-04-2018,54,32300
04-04-2018,36,32336
05-04-2018,35,32371
06-04-2018,23,32394
07-04-2018,35,32429
08-04-2018,43,32472
09-04-2018,41,32513
10-04-2018,49,32562
11-04-2018,53,32615
12-04-2018,43,32658
13-04-2018,20,32678
14-04-2018,22,32700
15-04-2018,58,32758
16-04-2018,42,32800
17-04-2018,54,32854
18-04-2018,53,32907
19-04-2018,56,32963
20-04-2018,30,32993
21-04-2018,32,33025
22-04-2018,39,33064
23-04-2018,42,33106
24-04-2018,40,33146
25-04-2018,45,33191
26-04-2018,45,33236
27-04-2018,33,33269
28-04-2018,15,33284
29-04-2018,30,33314
30-04-2018,28,33342
01-05-2018,44,33386
02-05-2018,58,33444
03-05-2018,43,33487
04-05-2018,39,33526
05-05-2018,28,33554
06-05-2018,37,33591
07-05-2018,43,33634
08-05-2018,27,33661
09-05-2018,61,33722
10-05-2018,42,33764
11-05-2018,21,33785
12-05-2018,26,33811
13-05-2018,41,33852
14-05-2018,40,33892
15-05-2018,55,33947
16-05-2018,45,33992
17-05-2018,45,34037
18-05-2018,32,34069
19-05-2018,31,34100
20-05-2018,51,34151
21-05-2018,46,34197
22-05-2018,51,34248
23-05-2018,66,34314
24-05-2018,47,34361
25-05-2018,25,34386
26-05-2018,25,34411
27-05-2018,46,34457
28-05-2018,50,34507
29-05-2018,43,34550
30-05-2018,43,34593
31-05-2018,35,34628
01-06-2018,27,34655
02-06-2018,20,34675
03-06-2018,38,34713
04-06-2018,50,34763
05-06-2018,43,34806
06-06-2018,56,34862
07-06-2018,54,34916
08-06-2018,28,34944
09-06-2018,28,34972
10-06-2018,36,35008
11-06-2018,45,35053
12-06-2018,33,35086
13-06-2018,47,35133
14-06-2018,44,35177
15-06-2018,31,35208
16-06-2018,15,35223
17-06-2018,30,35253
18-06-2018,44,35297
19-06-2018,60,35357
20-06-2018,38,35395
21-06-2018,39,35434
22-06-2018,15,35449
23-06-2018,29,35478
24-06-2018,36,35514
25-06-2018,45,35559
26-06-2018,44,35603
27-06-2018,64,35667
28-06-2018,37,35704
29-06-2018,13,35717
30-06-2018,14,35731
01-07-2018,33,35764
02-07-2018,41,35805
03-07-2018,42,35847
04-07-2018,41,35888
05-07-2018,49,35937
06-07-2018,24,35961
07-07-2018,24,35985
08-07-2018,37,36022
09-07-2018,45,36067
10-07-2018,42,36109
11-07-2018,50,36159
12-07-2018,44,36203
13-07-2018,13,36216
14-07-2018,26,36242
15-07-2018,35,36277
16-07-2018,36,36313
17-07-2018,55,36368
18-07-2018,49,36417
19-07-2018,38,36455
20-07-2018,28,36483
21-07-2018,24,36507
22-07-2018,48,36555
23-07-2018,59,36614
24-07-2018,54,36668
25-07-2018,53,36721
26-07-2018,56,36777
27-07-2018,21,36798
28-07-2018,25,36823
29-07-2018,50,36873
30-07-2018,53,36926
31-07-2018,48,36974
01-08-2018,50,37024
02-08-2018,52,37076
03-08-2018,20,37096
04-08-2018,21,37117
05-08-2018,46,37163
06-08-2018,51,37214
07-08-2018,51,37265
08-08-2018,67,37332
09-08-2018,47,37379
10-08-2018,31,37410
11-08-2018,25,37435
12-08-2018,54,37489
13-08-2018,32,37521
14-08-2018,34,37555
15-08-2018,50,37605
16-08-2018,39,37644
17-08-2018,31,37675
18-08-2018,21,37696
19-08-2018,39,37735
20-08-2018,52,37787
21-08-2018,49,37836
22-08-2018,77,37913
23-08-2018,49,37962
24-08-2018,25,37987
25-08-2018,21,38008
26-08-2018,50,38058
27-08-2018,56,38114
28-08-2018,52,38166
29-08-2018,36,38202
30-08-2018,51,38253
31-08-2018,28,38281
01-09-2018,34,38315
02-09-2018,50,38365
03-09-2018,54,38419
04-09-2018,46,38465
05-09-2018,48,38513
06-09-2018,66,38579
07-09-2018,22,38601
08-09-2018,16,38617
09-09-2018,48,38665
10-09-2018,41,38706
11-09-2018,52,38758
12-09-2018,40,38798
13-09-2018,43,38841
14-09-2018,20,38861
15-09-2018,20,38881
16-09-2018,40,38921
17-09-2018,48,38969
18-09-2018,42,39011
19-09-2018,35,39046
20-09-2018,48,39094
21-09-2018,27,39121
22-09-2018,26,39147
23-09-2018,27,39174
24-09-2018,43,39217
25-09-2018,56,39273
26-09-2018,45,39318
27-09-2018,46,39364
28-09-2018,35,39399
29-09-2018,47,39446
30-09-2018,52,39498
01-10-2018,26,39524
02-10-2018,38,39562
03-10-2018,30,39592
04-10-2018,28,39620
05-10-2018,21,39641
06-10-2018,25,39666
07-10-2018,43,39709
08-10-2018,46,39755
09-10-2018,30,39785
10-10-2018,41,39826
11-10-2018,39,39865
12-10-2018,29,39894
13-10-2018,29,39923
14-10-2018,35,39958
15-10-2018,59,40017
16-10-2018,52,40069
17-10-2018,64,40133
18-10-2018,47,40180
19-10-2018,17,40197
20-10-2018,10,40207
21-10-2018,42,40249
22-10-2018,51,40300
23-10-2018,53,40353
24-10-2018,45,40398
25-10-2018,43,40441
26-10-2018,16,40457
27-10-2018,26,40483
28-10-2018,29,40512
29-10-2018,34,40546
30-10-2018,50,40596
31-10-2018,51,40647
01-11-2018,47,40694
02-11-2018,23,40717
03-11-2018,15,40732
04-11-2018,36,40768
05-11-2018,54,40822
06-11-2018,38,40860
07-11-2018,61,40921
08-11-2018,50,40971
09-11-2018,23,40994
10-11-2018,21,41015
11-11-2018,51,41066
12-11-2018,69,41135
13-11-2018,47,41182
14-11-2018,48,41230
15-11-2018,43,41273
16-11-2018,25,41298
17-11-2018,24,41322
18-11-2018,62,41384
19-11-2018,50,41434
20-11-2018,62,41496
21-11-2018,68,41564
22-11-2018,48,41612
23-11-2018,29,41641
24-11-2018,27,41668
25-11-2018,36,41704
26-11-2018,49,41753
27-11-2018,47,41800
28-11-2018,60,41860
29-11-2018,56,41916
30-11-2018,23,41939
01-12-2018,24,41963
02-12-2018,48,42011
03-12-2018,95,42106
04-12-2018,87,42193
05-12-2018,64,42257
06-12-2018,56,42313
07-12-2018,25,42338
08-12-2018,31,42369
09-12-2018,63,42432
10-12-2018,57,42489
11-12-2018,76,42565
12-12-2018,60,42625
13-12-2018,47,42672
14-12-2018,30,42702
15-12-2018,33,42735
16-12-2018,44,42779
17-12-2018,49,42828
18-12-2018,44,42872
19-12-2018,51,42923
20-12-2018,51,42974
21-12-2018,20,42994
22-12-2018,23,43017
23-12-2018,39,43056
24-12-2018,38,43094
25-12-2018,57,43151
26-12-2018,50,43201
27-12-2018,147,43348
28-12-2018,48,43396
29-12-2018,36,43432
30-12-2018,26,43458
31-12-2018,29,43487
01-01-2019,60,43547
02-01-2019,55,43602
03-01-2019,57,43659
04-01-2019,39,43698
05-01-2019,34,43732
06-01-2019,68,43800
07-01-2019,56,43856
08-01-2019,72,43928
09-01-2019,61,43989
10-01-2019,55,44044
11-01-2019,19,44063
12-01-2019,41,44104
13-01-2019,48,44152
14-01-2019,51,44203
15-01-2019,52,44255
16-01-2019,47,44302
17-01-2019,64,44366
18-01-2019,31,44397
19-01-2019,30,44427
20-01-2019,51,44478
21-01-2019,45,44523
22-01-2019,51,44574
23-01-2019,38,44612
24-01-2019,47,44659
25-01-2019,25,44684
26-01-2019,28,44712
27-01-2019,47,44759
28-01-2019,46,44805
29-01-2019,34,44839
30-01-2019,55,44894
31-01-2019,54,44948
01-02-2019,47,44995
02-02-2019,24,45019
03-02-2019,24,45043
04-02-2019,31,45074
05-02-2019,32,45106
06-02-2019,50,45156
07-02-2019,31,45187
08-02-2019,25,45212
09-02-2019,26,45238
10-02-2019,48,45286
11-02-2019,36,45322
12-02-2019,61,45383
13-02-2019,60,45443
14-02-2019,45,45488
15-02-2019,34,45522
16-02-2019,26,45548
17-02-2019,60,45608
18-02-2019,51,45659
19-02-2019,40,45699
20-02-2019,50,45749
21-02-2019,61,45810
22-02-2019,37,45847
23-02-2019,23,45870
24-02-2019,48,45918
25-02-2019,57,45975
26-02-2019,53,46028
27-02-2019,55,46083
28-02-2019,63,46146
01-03-2019,31,46177
02-03-2019,35,46212
03-03-2019,65,46277
04-03-2019,66,46343
05-03-2019,50,46393
06-03-2019,52,46445
07-03-2019,59,46504
08-03-2019,25,46529
09-03-2019,26,46555
10-03-2019,51,46606
11-03-2019,60,46666
12-03-2019,51,46717
13-03-2019,55,46772
14-03-2019,46,46818
15-03-2019,28,46846
16-03-2019,26,46872
17-03-2019,56,46928
18-03-2019,57,46985
19-03-2019,69,47054
20-03-2019,64,47118
21-03-2019,56,47174
22-03-2019,23,47197
23-03-2019,41,47238
24-03-2019,62,47300
25-03-2019,89,47389
26-03-2019,64,47453
27-03-2019,67,47520
28-03-2019,77,47597
29-03-2019,35,47632
30-03-2019,31,47663
31-03-2019,54,47717
01-04-2019,64,47781
02-04-2019,56,47837
03-04-2019,60,47897
04-04-2019,34,47931
05-04-2019,15,47946
06-04-2019,36,47982
07-04-2019,49,48031
08-04-2019,55,48086
09-04-2019,70,48156
10-04-2019,50,48206
11-04-2019,54,48260
12-04-2019,42,48302
13-04-2019,33,48335
14-04-2019,56,48391
15-04-2019,47,48438
16-04-2019,64,48502
17-04-2019,53,48555
18-04-2019,49,48604
19-04-2019,29,48633
20-04-2019,38,48671
21-04-2019,67,48738
22-04-2019,72,48810
23-04-2019,61,48871
24-04-2019,46,48917
25-04-2019,61,48978
26-04-2019,24,49002
27-04-2019,51,49053
28-04-2019,44,49097
29-04-2019,57,49154
30-04-2019,26,49180
01-05-2019,36,49216
02-05-2019,31,49247
03-05-2019,26,49273
04-05-2019,46,49319
05-05-2019,55,49374
06-05-2019,63,49437
07-05-2019,63,49500
08-05-2019,44,49544
09-05-2019,66,49610
10-05-2019,38,49648
11-05-2019,20,49668
12-05-2019,40,49708
13-05-2019,66,49774
14-05-2019,44,49818
15-05-2019,63,49881
16-05-2019,72,49953
17-05-2019,29,49982
18-05-2019,24,50006
19-05-2019,37,50043
20-05-2019,64,50107
21-05-2019,54,50161
22-05-2019,59,50220
23-05-2019,70,50290
24-05-2019,36,50326
25-05-2019,25,50351
26-05-2019,37,50388
27-05-2019,56,50444
28-05-2019,65,50509
29-05-2019,56,50565
30-05-2019,45,50610
31-05-2019,28,50638
01-06-2019,29,50667
02-06-2019,42,50709
03-06-2019,46,50755
04-06-2019,40,50795
05-06-2019,41,50836
06-06-2019,38,50874
07-06-2019,24,50898
08-06-2019,13,50911
09-06-2019,39,50950
10-06-2019,47,50997
11-06-2019,56,51053
12-06-2019,56,51109
13-06-2019,38,51147
14-06-2019,26,51173
15-06-2019,19,51192
16-06-2019,55,51247
17-06-2019,38,51285
18-06-2019,50,51335
19-06-2019,69,51404
20-06-2019,64,51468
21-06-2019,13,51481
22-06-2019,21,51502
23-06-2019,37,51539
24-06-2019,49,51588
25-06-2019,51,51639
26-06-2019,55,51694
27-06-2019,43,51737
28-06-2019,23,51760
29-06-2019,13,51773
30-06-2019,41,51814
01-07-2019,49,51863
02-07-2019,69,51932
03-07-2019,75,52007
04-07-2019,81,52088
05-07-2019,25,52113
06-07-2019,22,52135
07-07-2019,46,52181
08-07-2019,47,52228
09-07-2019,37,52265
10-07-2019,49,52314
11-07-2019,43,52357
12-07-2019,19,52376
13-07-2019,18,52394
14-07-2019,36,52430
15-07-2019,46,52476
16-07-2019,62,52538
17-07-2019,73,52611
18-07-2019,45,52656
19-07-2019,36,52692
20-07-2019,21,52713
21-07-2019,43,52756
22-07-2019,64,52820
23-07-2019,48,52868
24-07-2019,55,52923
25-07-2019,45,52968
26-07-2019,27,52995
27-07-2019,21,53016
28-07-2019,59,53075
29-07-2019,51,53126
30-07-2019,42,53168
31-07-2019,52,53220
01-08-2019,44,53264
02-08-2019,27,53291
03-08-2019,18,53309
04-08-2019,47,53356
05-08-2019,38,53394
06-08-2019,56,53450
07-08-2019,49,53499
08-08-2019,89,53588
09-08-2019,28,53616
10-08-2019,17,53633
11-08-2019,43,53676
12-08-2019,44,53720
13-08-2019,52,53772
14-08-2019,48,53820
15-08-2019,34,53854
16-08-2019,24,53878
17-08-2019,21,53899
18-08-2019,39,53938
19-08-2019,51,53989
20-08-2019,49,54038
21-08-2019,44,54082
22-08-2019,51,54133
23-08-2019,20,54153
24-08-2019,22,54175
25-08-2019,36,54211
26-08-2019,54,54265
27-08-2019,39,54304
28-08-2019,52,54356
29-08-2019,50,54406
30-08-2019,32,54438
31-08-2019,25,54463
01-09-2019,40,54503
02-09-2019,45,54548
03-09-2019,54,54602
04-09-2019,49,54651
05-09-2019,37,54688
06-09-2019,34,54722
07-09-2019,24,54746
08-09-2019,50,54796
09-09-2019,41,54837
10-09-2019,41,54878
11-09-2019,44,54922
12-09-2019,18,54940
13-09-2019,20,54960
14-09-2019,31,54991
15-09-2019,51,55042
16-09-2019,38,55080
17-09-2019,48,55128
18-09-2019,39,55167
19-09-2019,27,55194
20-09-2019,17,55211
21-09-2019,18,55229
22-09-2019,34,55263
23-09-2019,43,55306
24-09-2019,42,55348
25-09-2019,46,55394
26-09-2019,56,55450
27-09-2019,24,55474
28-09-2019,37,55511
29-09-2019,42,55553
30-09-2019,28,55581
01-10-2019,30,55611
02-10-2019,30,55641
03-10-2019,28,55669
04-10-2019,14,55683
05-10-2019,23,55706
06-10-2019,25,55731
07-10-2019,35,55766
08-10-2019,44,55810
09-10-2019,36,55846
10-10-2019,43,55889
11-10-2019,34,55923
12-10-2019,33,55956
13-10-2019,38,55994
14-10-2019,31,56025
15-10-2019,46,56071
16-10-2019,51,56122
17-10-2019,46,56168
18-10-2019,17,56185
19-10-2019,26,56211
20-10-2019,39,56250
21-10-2019,51,56301
22-10-2019,57,56358
23-10-2019,51,56409
24-10-2019,41,56450
25-10-2019,22,56472
26-10-2019,26,56498
27-10-2019,43,56541
28-10-2019,45,56586
29-10-2019,41,56627
30-10-2019,37,56664
31-10-2019,35,56699
01-11-2019,18,56717
02-11-2019,20,56737
03-11-2019,42,56779
04-11-2019,40,56819
05-11-2019,29,56848
06-11-2019,43,56891
07-11-2019,41,56932
08-11-2019,22,56954
09-11-2019,19,56973
10-11-2019,46,57019
11-11-2019,40,57059
12-11-2019,45,57104
13-11-2019,58,57162
14-11-2019,56,57218
15-11-2019,18,57236
16-11-2019,28,57264
17-11-2019,41,57305
18-11-2019,58,57363
19-11-2019,42,57405
20-11-2019,37,57442
21-11-2019,41,57483
22-11-2019,28,57511
23-11-2019,21,57532
24-11-2019,34,57566
25-11-2019,41,57607
26-11-2019,47,57654
27-11-2019,38,57692
28-11-2019,43,57735
29-11-2019,24,57759
30-11-2019,29,57788
01-12-2019,54,57842
02-12-2019,46,57888
03-12-2019,42,57930
04-12-2019,40,57970
05-12-2019,51,58021
06-12-2019,22,58043
07-12-2019,26,58069
08-12-2019,42,58111
09-12-2019,46,58157
10-12-2019,60,58217
11-12-2019,46,58263
12-12-2019,50,58313
13-12-2019,26,58339
14-12-2019,22,58361
15-12-2019,37,58398
16-12-2019,54,58452
17-12-2019,35,58487
18-12-2019,44,58531
19-12-2019,35,58566
20-12-2019,14,58580
21-12-2019,17,58597
22-12-2019,29,58626
23-12-2019,38,58664
24-12-2019,62,58726
25-12-2019,78,58804
26-12-2019,40,58844
27-12-2019,15,58859
28-12-2019,35,58894
29-12-2019,53,58947
30-12-2019,28,58975
31-12-2019,22,58997
01-01-2020,57,59054
02-01-2020,31,59085
03-01-2020,28,59113
04-01-2020,21,59134
05-01-2020,37,59171
06-01-2020,73,59244
07-01-2020,44,59288
08-01-2020,34,59322
09-01-2020,42,59364
10-01-2020,19,59383
11-01-2020,13,59396
12-01-2020,39,59435
13-01-2020,48,59483
14-01-2020,51,59534
15-01-2020,39,59573
16-01-2020,41,59614
17-01-2020,26,59640
18-01-2020,32,59672
19-01-2020,28,59700
20-01-2020,33,59733
21-01-2020,31,59764
22-01-2020,29,59793
23-01-2020,19,59812
24-01-2020,12,59824
25-01-2020,17,59841
26-01-2020,28,59869
27-01-2020,26,59895
28-01-2020,28,59923
29-01-2020,29,59952
30-01-2020,33,59985
31-01-2020,20,60005
01-02-2020,23,60028
02-02-2020,33,60061
03-02-2020,32,60093
04-02-2020,33,60126
05-02-2020,24,60150
06-02-2020,25,60175
07-02-2020,20,60195
08-02-2020,23,60218
09-02-2020,30,60248
10-02-2020,25,60273
11-02-2020,34,60307
12-02-2020,47,60354
13-02-2020,48,60402
14-02-2020,29,60431
15-02-2020,23,60454
16-02-2020,33,60487
17-02-2020,32,60519
18-02-2020,30,60549
19-02-2020,29,60578
20-02-2020,20,60598
21-02-2020,27,60625
22-02-2020,19,60644
23-02-2020,37,60681
24-02-2020,35,60716
25-02-2020,43,60759
26-02-2020,48,60807
27-02-2020,25,60832
28-02-2020,24,60856
29-02-2020,23,60879
01-03-2020,31,60910
02-03-2020,30,60940
03-03-2020,28,60968
04-03-2020,34,61002
05-03-2020,41,61043
06-03-2020,27,61070
07-03-2020,19,61089
08-03-2020,25,61114
09-03-2020,39,61153
10-03-2020,30,61183
11-03-2020,24,61207
12-03-2020,27,61234
13-03-2020,21,61255
14-03-2020,28,61283
15-03-2020,25,61308
16-03-2020,36,61344
17-03-2020,36,61380
18-03-2020,39,61419
19-03-2020,19,61438
20-03-2020,33,61471
21-03-2020,24,61495
22-03-2020,39,61534
23-03-2020,41,61575
24-03-2020,37,61612
25-03-2020,50,61662
26-03-2020,34,61696
27-03-2020,28,61724
28-03-2020,30,61754
29-03-2020,36,61790
30-03-2020,24,61814
31-03-2020,35,61849
01-04-2020,32,61881
02-04-2020,32,61913
03-04-2020,24,61937
04-04-2020,25,61962
05-04-2020,32,61994
06-04-2020,38,62032
07-04-2020,52,62084
08-04-2020,37,62121
09-04-2020,34,62155
10-04-2020,22,62177
11-04-2020,22,62199
12-04-2020,36,62235
13-04-2020,33,62268
14-04-2020,38,62306
15-04-2020,31,62337
16-04-2020,36,62373
17-04-2020,24,62397
18-04-2020,27,62424
19-04-2020,51,62475
20-04-2020,35,62510
21-04-2020,52,62562
22-04-2020,49,62611
23-04-2020,42,62653
24-04-2020,25,62678
25-04-2020,37,62715
26-04-2020,36,62751
27-04-2020,48,62799
28-04-2020,42,62841
29-04-2020,49,62890
30-04-2020,26,62916
01-05-2020,33,62949
02-05-2020,27,62976
03-05-2020,23,62999
04-05-2020,30,63029
05-05-2020,31,63060
06-05-2020,31,63091
07-05-2020,28,63119
08-05-2020,34,63153
09-05-2020,19,63172
10-05-2020,27,63199
11-05-2020,35,63234
12-05-2020,45,63279
13-05-2020,39,63318
14-05-2020,37,63355
15-05-2020,33,63388
16-05-2020,26,63414
17-05-2020,27,63441
18-05-2020,39,63480
19-05-2020,41,63521
20-05-2020,41,63562
21-05-2020,32,63594
22-05-2020,24,63618
23-05-2020,21,63639
24-05-2020,38,63677
25-05-2020,40,63717
26-05-2020,46,63763
27-05-2020,49,63812
28-05-2020,44,63856
29-05-2020,31,63887
30-05-2020,20,63907
31-05-2020,37,63944
01-06-2020,29,63973
02-06-2020,35,64008
03-06-2020,39,64047
04-06-2020,39,64086
05-06-2020,23,64109
06-06-2020,27,64136
07-06-2020,53,64189
08-06-2020,46,64235
09-06-2020,51,64286
10-06-2020,34,64320
11-06-2020,36,64356
12-06-2020,22,64378
13-06-2020,21,64399
14-06-2020,39,64438
15-06-2020,53,64491
16-06-2020,49,64540
17-06-2020,37,64577
18-06-2020,28,64605
19-06-2020,21,64626
20-06-2020,20,64646
21-06-2020,43,64689
22-06-2020,30,64719
23-06-2020,46,64765
24-06-2020,29,64794
25-06-2020,33,64827
26-06-2020,25,64852
27-06-2020,31,64883
28-06-2020,34,64917
29-06-2020,43,64960
30-06-2020,38,64998
01-07-2020,44,65042
02-07-2020,43,65085
03-07-2020,34,65119
04-07-2020,27,65146
05-07-2020,37,65183
06-07-2020,42,65225
07-07-2020,48,65273
08-07-2020,41,65314
09-07-2020,43,65357
10-07-2020,25,65382
11-07-2020,17,65399
12-07-2020,20,65419
13-07-2020,36,65455
14-07-2020,50,65505
15-07-2020,46,65551
16-07-2020,31,65582
17-07-2020,23,65605
18-07-2020,29,65634
19-07-2020,36,65670
20-07-2020,53,65723
21-07-2020,41,65764
22-07-2020,39,65803
23-07-2020,34,65837
24-07-2020,15,65852
25-07-2020,22,65874
26-07-2020,37,65911
27-07-2020,39,65950
28-07-2020,39,65989
29-07-2020,34,66023
30-07-2020,31,66054
31-07-2020,16,66070
01-08-2020,21,66091
02-08-2020,35,66126
03-08-2020,35,66161
04-08-2020,42,66203
05-08-2020,36,66239
06-08-2020,38,66277
07-08-2020,20,66297
08-08-2020,21,66318
09-08-2020,30,66348
10-08-2020,37,66385
11-08-2020,33,66418
12-08-2020,29,66447
13-08-2020,27,66474
14-08-2020,19,66493
15-08-2020,21,66514
16-08-2020,20,66534
17-08-2020,31,66565
18-08-2020,41,66606
19-08-2020,39,66645
20-08-2020,41,66686
21-08-2020,27,66713
22-08-2020,19,66732
23-08-2020,43,66775
24-08-2020,34,66809
25-08-2020,55,66864
26-08-2020,52,66916
27-08-2020,30,66946
28-08-2020,26,66972
29-08-2020,26,66998
30-08-2020,36,67034
31-08-2020,44,67078
01-09-2020,36,67114
02-09-2020,35,67149
03-09-2020,40,67189
04-09-2020,22,67211
05-09-2020,24,67235
06-09-2020,33,67268
07-09-2020,31,67299
08-09-2020,29,67328
09-09-2020,29,67357
10-09-2020,45,67402
11-09-2020,15,67417
12-09-2020,24,67441
13-09-2020,29,67470
14-09-2020,36,67506
15-09-2020,36,67542
16-09-2020,43,67585
17-09-2020,34,67619
18-09-2020,11,67630
19-09-2020,22,67652
20-09-2020,28,67680
21-09-2020,39,67719
22-09-2020,30,67749
23-09-2020,33,67782
24-09-2020,36,67818
25-09-2020,17,67835
26-09-2020,34,67869
27-09-2020,33,67902
28-09-2020,36,67938
29-09-2020,29,67967
30-09-2020,31,67998
01-10-2020,19,68017
02-10-2020,17,68034
03-10-2020,19,68053
04-10-2020,18,68071
05-10-2020,29,68100
06-10-2020,22,68122
07-10-2020,23,68145
08-10-2020,28,68173
09-10-2020,28,68201
10-10-2020,28,68229
11-10-2020,28,68257
12-10-2020,35,68292
13-10-2020,29,68321
14-10-2020,31,68352
15-10-2020,41,68393
16-10-2020,19,68412
17-10-2020,17,68429
18-10-2020,21,68450
19-10-2020,38,68488
20-10-2020,30,68518
21-10-2020,41,68559
22-10-2020,28,68587
23-10-2020,19,68606
24-10-2020,23,68629
25-10-2020,48,68677
26-10-2020,38,68715
27-10-2020,31,68746
28-10-2020,33,68779
29-10-2020,41,68820
30-10-2020,13,68833
31-10-2020,20,68853
01-11-2020,37,68890
02-11-2020,25,68915
03-11-2020,20,68935
04-11-2020,33,68968
05-11-2020,24,68992
06-11-2020,14,69006
07-11-2020,16,69022
08-11-2020,37,69059
09-11-2020,34,69093
10-11-2020,23,69116
11-11-2020,26,69142
12-11-2020,30,69172
13-11-2020,20,69192
14-11-2020,13,69205
15-11-2020,44,69249
16-11-2020,38,69287
17-11-2020,28,69315
18-11-2020,37,69352
19-11-2020,42,69394
20-11-2020,20,69414
21-11-2020,17,69431
22-11-2020,29,69460
23-11-2020,34,69494
24-11-2020,30,69524
25-11-2020,34,69558
26-11-2020,27,69585
27-11-2020,21,69606
28-11-2020,20,69626
29-11-2020,34,69660
30-11-2020,36,69696
01-12-2020,54,69750
02-12-2020,118,69868
03-12-2020,76,69944
04-12-2020,36,69980
05-12-2020,26,70006
06-12-2020,32,70038
07-12-2020,50,70088
08-12-2020,53,70141
09-12-2020,35,70176
10-12-2020,41,70217
11-12-2020,30,70247
12-12-2020,20,70267
13-12-2020,38,70305
14-12-2020,31,70336
15-12-2020,28,70364
16-12-2020,40,70404
17-12-2020,30,70434
18-12-2020,17,70451
19-12-2020,23,70474
20-12-2020,29,70503
21-12-2020,33,70536
22-12-2020,37,70573
23-12-2020,30,70603
24-12-2020,22,70625
25-12-2020,26,70651
26-12-2020,22,70673
27-12-2020,36,70709
28-12-2020,37,70746
29-12-2020,28,70774
30-12-2020,27,70801
31-12-2020,15,70816
01-01-2021,9,70825
02-01-2021,14,70839
03-01-2021,31,70870
04-01-2021,29,70899
05-01-2021,26,70925
06-01-2021,34,70959
07-01-2021,29,70988
08-01-2021,17,71005
09-01-2021,20,71025
10-01-2021,37,71062
11-01-2021,38,71100
12-01-2021,34,71134
13-01-2021,29,71163
14-01-2021,27,71190
15-01-2021,13,71203
16-01-2021,15,71218
17-01-2021,31,71249
18-01-2021,31,71280
19-01-2021,27,71307
20-01-2021,38,71345
21-01-2021,31,71376
22-01-2021,18,71394
23-01-2021,20,71414
24-01-2021,46,71460
25-01-2021,38,71498
26-01-2021,37,71535
27-01-2021,35,71570
28-01-2021,24,71594
29-01-2021,22,71616
30-01-2021,21,71637
31-01-2021,29,71666
01-02-2021,43,71709
02-02-2021,31,71740
03-02-2021,44,71784
04-02-2021,27,71811
05-02-2021,15,71826
06-02-2021,29,71855
07-02-2021,26,71881
08-02-2021,28,71909
09-02-2021,25,71934
10-02-2021,24,71958
11-02-2021,19,71977
12-02-2021,19,71996
13-02-2021,19,72015
14-02-2021,23,72038
15-02-2021,23,72061
16-02-2021,22,72083
17-02-2021,26,72109
18-02-2021,29,72138
19-02-2021,24,72162
20-02-2021,27,72189
21-02-2021,37,72226
22-02-2021,29,72255
23-02-2021,37,72292
24-02-2021,38,72330
25-02-2021,49,72379
26-02-2021,22,72401
27-02-2021,21,72422
28-02-2021,29,72451
01-03-2021,46,72497
02-03-2021,37,72534
03-03-2021,39,72573
04-03-2021,34,72607
05-03-2021,30,72637
06-03-2021,29,72666
07-03-2021,44,72710
08-03-2021,40,72750
09-03-2021,48,72798
10-03-2021,39,72837
11-03-2021,32,72869
12-03-2021,27,72896
13-03-2021,23,72919
14-03-2021,37,72956
15-03-2021,37,72993
16-03-2021,27,73020
17-03-2021,43,73063
18-03-2021,31,73094
19-03-2021,29,73123
20-03-2021,22,73145
21-03-2021,40,73185
22-03-2021,32,73217
23-03-2021,40,73257
24-03-2021,30,73287
25-03-2021,37,73324
26-03-2021,20,73344
27-03-2021,28,73372
28-03-2021,35,73407
29-03-2021,37,73444
30-03-2021,38,73482
31-03-2021,31,73513
01-04-2021,37,73550
02-04-2021,12,73562
03-04-2021,15,73577
04-04-2021,23,73600
05-04-2021,33,73633
06-04-2021,37,73670
07-04-2021,42,73712
08-04-2021,33,73745
09-04-2021,24,73769
10-04-2021,23,73792
11-04-2021,33,73825
12-04-2021,36,73861
13-04-2021,48,73909
14-04-2021,103,74012
15-04-2021,96,74108
16-04-2021,21,74129
17-04-2021,19,74148
18-04-2021,27,74175
19-04-2021,37,74212
20-04-2021,35,74247
21-04-2021,30,74277
22-04-2021,30,74307
23-04-2021,18,74325
24-04-2021,38,74363
25-04-2021,35,74398
26-04-2021,47,74445
27-04-2021,28,74473
28-04-2021,33,74506
29-04-2021,31,74537
30-04-2021,16,74553
01-05-2021,19,74572
02-05-2021,26,74598
03-05-2021,19,74617
04-05-2021,31,74648
05-05-2021,32,74680
06-05-2021,30,74710
07-05-2021,23,74733
08-05-2021,14,74747
09-05-2021,33,74780
10-05-2021,39,74819
11-05-2021,49,74868
12-05-2021,43,74911
13-05-2021,29,74940
14-05-2021,29,74969
15-05-2021,26,74995
16-05-2021,43,75038
17-05-2021,44,75082
18-05-2021,30,75112
19-05-2021,33,75145
20-05-2021,38,75183
21-05-2021,21,75204
22-05-2021,23,75227
23-05-2021,33,75260
24-05-2021,26,75286
25-05-2021,36,75322
26-05-2021,31,75353
27-05-2021,36,75389
28-05-2021,21,75410
29-05-2021,18,75428
30-05-2021,27,75455
31-05-2021,36,75491
01-06-2021,30,75521
02-06-2021,30,75551
03-06-2021,34,75585
04-06-2021,22,75607
05-06-2021,27,75634
06-06-2021,34,75668
07-06-2021,30,75698
08-06-2021,35,75733
09-06-2021,35,75768
10-06-2021,31,75799
11-06-2021,16,75815
12-06-2021,17,75832
13-06-2021,30,75862
14-06-2021,29,75891
15-06-2021,31,75922
16-06-2021,36,75958
17-06-2021,100,76058
18-06-2021,65,76123
19-06-2021,17,76140
20-06-2021,25,76165
21-06-2021,28,76193
22-06-2021,35,76228
23-06-2021,37,76265
24-06-2021,30,76295
25-06-2021,18,76313
26-06-2021,29,76342
27-06-2021,46,76388
28-06-2021,30,76418
29-06-2021,31,76449
30-06-2021,36,76485
01-07-2021,22,76507
02-07-2021,23,76530
03-07-2021,31,76561
04-07-2021,35,76596
05-07-2021,37,76633
06-07-2021,42,76675
07-07-2021,24,76699
08-07-2021,21,76720
09-07-2021,18,76738
10-07-2021,17,76755
11-07-2021,35,76790
12-07-2021,25,76815
13-07-2021,42,76857
14-07-2021,33,76890
15-07-2021,31,76921
16-07-2021,17,76938
17-07-2021,14,76952
18-07-2021,34,76986
19-07-2021,37,77023
20-07-2021,42,77065
21-07-2021,38,77103
22-07-2021,28,77131
23-07-2021,16,77147
24-07-2021,18,77165
25-07-2021,28,77193
26-07-2021,37,77230
27-07-2021,36,77266
28-07-2021,33,77299
29-07-2021,34,77333
30-07-2021,23,77356
31-07-2021,20,77376
01-08-2021,27,77403
02-08-2021,35,77438
03-08-2021,42,77480
04-08-2021,32,77512
05-08-2021,18,77530
06-08-2021,15,77545
07-08-2021,19,77564
08-08-2021,39,77603
09-08-2021,111,77714
10-08-2021,94,77808
11-08-2021,33,77841
12-08-2021,35,77876
13-08-2021,17,77893
14-08-2021,21,77914
15-08-2021,29,77943
16-08-2021,35,77978
17-08-2021,31,78009
18-08-2021,38,78047
19-08-2021,34,78081
20-08-2021,22,78103
21-08-2021,18,78121
22-08-2021,33,78154
23-08-2021,35,78189
24-08-2021,39,78228
25-08-2021,36,78264
26-08-2021,37,78301
27-08-2021,20,78321
28-08-2021,24,78345
29-08-2021,26,78371
30-08-2021,24,78395
31-08-2021,43,78438
01-09-2021,31,78469
02-09-2021,41,78510
03-09-2021,19,78529
04-09-2021,30,78559
05-09-2021,37,78596
06-09-2021,29,78625
07-09-2021,29,78654
08-09-2021,50,78704
09-09-2021,38,78742
10-09-2021,29,78771
11-09-2021,19,78790
12-09-2021,23,78813
13-09-2021,33,78846
14-09-2021,34,78880
15-09-2021,29,78909
16-09-2021,35,78944
17-09-2021,41,78985
18-09-2021,19,79004
19-09-2021,18,79022
20-09-2021,32,79054
21-09-2021,36,79090
22-09-2021,43,79133
23-09-2021,30,79163
24-09-2021,26,79189
25-09-2021,30,79219
26-09-2021,30,79249
27-09-2021,36,79285
28-09-2021,42,79327
29-09-2021,42,79369
30-09-2021,32,79401
01-10-2021,17,79418
02-10-2021,16,79434
03-10-2021,18,79452
04-10-2021,26,79478
05-10-2021,27,79505
06-10-2021,28,79533
07-10-2021,21,79554
08-10-2021,22,79576
09-10-2021,17,79593
10-10-2021,26,79619
11-10-2021,45,79664
12-10-2021,31,79695
13-10-2021,35,79730
14-10-2021,36,79766
15-10-2021,25,79791
16-10-2021,22,79813
17-10-2021,31,79844
18-10-2021,46,79890
19-10-2021,25,79915
20-10-2021,37,79952
21-10-2021,41,79993
22-10-2021,34,80027
23-10-2021,23,80050
24-10-2021,30,80080
25-10-2021,36,80116
26-10-2021,27,80143
27-10-2021,33,80176
28-10-2021,27,80203
29-10-2021,18,80221
30-10-2021,16,80237
31-10-2021,33,80270
01-11-2021,29,80299
02-11-2021,36,80335
03-11-2021,40,80375
04-11-2021,32,80407
05-11-2021,19,80426
06-11-2021,22,80448
07-11-2021,36,80484
08-11-2021,35,80519
09-11-2021,47,80566
10-11-2021,44,80610
11-11-2021,30,80640
12-11-2021,27,80667
13-11-2021,20,80687
14-11-2021,29,80716
15-11-2021,34,80750
16-11-2021,41,80791
17-11-2021,37,80828
18-11-2021,30,80858
19-11-2021,19,80877
20-11-2021,29,80906
21-11-2021,32,80938
22-11-2021,28,80966
23-11-2021,39,81005
24-11-2021,44,81049
25-11-2021,40,81089
26-11-2021,24,81113
27-11-2021,19,81132
28-11-2021,35,81167
29-11-2021,30,81197
30-11-2021,35,81232
01-12-2021,32,81264
02-12-2021,25,81289
03-12-2021,20,81309
04-12-2021,25,81334
05-12-2021,33,81367
06-12-2021,40,81407
07-12-2021,36,81443
08-12-2021,46,81489
09-12-2021,44,81533
10-12-2021,52,81585
11-12-2021,25,81610
12-12-2021,28,81638
13-12-2021,31,81669
14-12-2021,34,81703
15-12-2021,31,81734
16-12-2021,30,81764
17-12-2021,26,81790
18-12-2021,19,81809
19-12-2021,35,81844
20-12-2021,32,81876
21-12-2021,39,81915
22-12-2021,26,81941
23-12-2021,27,81968
24-12-2021,22,81990
25-12-2021,25,82015
26-12-2021,27,82042
27-12-2021,29,82071
28-12-2021,40,82111
29-12-2021,30,82141
30-12-2021,35,82176
31-12-2021,19,82195
01-01-2022,33,82228
02-01-2022,16,82244
03-01-2022,35,82279
04-01-2022,30,82309
05-01-2022,39,82348
06-01-2022,35,82383
07-01-2022,30,82413
08-01-2022,31,82444
09-01-2022,37,82481
10-01-2022,40,82521
11-01-2022,37,82558
12-01-2022,44,82602
13-01-2022,48,82650
14-01-2022,17,82667
15-01-2022,21,82688
16-01-2022,41,82729
17-01-2022,31,82760
18-01-2022,34,82794
19-01-2022,34,82828
20-01-2022,33,82861
21-01-2022,32,82893
22-01-2022,34,82927
23-01-2022,50,82977
24-01-2022,32,83009
25-01-2022,54,83063
26-01-2022,49,83112
27-01-2022,48,83160
28-01-2022,39,83199
29-01-2022,23,83222
30-01-2022,24,83246
31-01-2022,32,83278
01-02-2022,29,83307
02-02-2022,37,83344
03-02-2022,35,83379
04-02-2022,22,83401
05-02-2022,25,83426
06-02-2022,38,83464
07-02-2022,47,83511
08-02-2022,31,83542
09-02-2022,38,83580
10-02-2022,35,83615
11-02-2022,32,83647
12-02-2022,31,83678
13-02-2022,34,83712
14-02-2022,43,83755
15-02-2022,39,83794
16-02-2022,61,83855
17-02-2022,54,83909
18-02-2022,30,83939
19-02-2022,22,83961
20-02-2022,46,84007
21-02-2022,39,84046
22-02-2022,37,84083
23-02-2022,25,84108
24-02-2022,34,84142
25-02-2022,18,84160
26-02-2022,33,84193
27-02-2022,30,84223
28-02-2022,33,84256
01-03-2022,35,84291
02-03-2022,36,84327
03-03-2022,41,84368
04-03-2022,23,84391
05-03-2022,30,84421
06-03-2022,30,84451
07-03-2022,38,84489
08-03-2022,90,84579
09-03-2022,84,84663
10-03-2022,31,84694
11-03-2022,31,84725
12-03-2022,29,84754
13-03-2022,36,84790
14-03-2022,37,84827
15-03-2022,31,84858
16-03-2022,38,84896
17-03-2022,30,84926
18-03-2022,20,84946
19-03-2022,20,84966
20-03-2022,30,84996
21-03-2022,36,85032
22-03-2022,40,85072
23-03-2022,36,85108
24-03-2022,30,85138
25-03-2022,43,85181
26-03-2022,19,85200
27-03-2022,35,85235
28-03-2022,44,85279
29-03-2022,50,85329
30-03-2022,31,85360
31-03-2022,31,85391
01-04-2022,35,85426
02-04-2022,14,85440
03-04-2022,27,85467
04-04-2022,22,85489
05-04-2022,47,85536
06-04-2022,33,85569
07-04-2022,44,85613
08-04-2022,24,85637
09-04-2022,29,85666
10-04-2022,35,85701
11-04-2022,44,85745
12-04-2022,81,85826
13-04-2022,73,85899
14-04-2022,41,85940
15-04-2022,23,85963
16-04-2022,23,85986
17-04-2022,41,86027
18-04-2022,40,86067
19-04-2022,37,86104
20-04-2022,33,86137
21-04-2022,33,86170
22-04-2022,20,86190
23-04-2022,23,86213
24-04-2022,41,86254
25-04-2022,38,86292
26-04-2022,43,86335
27-04-2022,32,86367
28-04-2022,30,86397
29-04-2022,22,86419
30-04-2022,23,86442
01-05-2022,28,86470
02-05-2022,27,86497
03-05-2022,27,86524
04-05-2022,35,86559
05-05-2022,38,86597
06-05-2022,32,86629
07-05-2022,27,86656
08-05-2022,38,86694
09-05-2022,30,86724
10-05-2022,44,86768
11-05-2022,45,86813
12-05-2022,33,86846
13-05-2022,29,86875
14-05-2022,28,86903
15-05-2022,23,86926
16-05-2022,37,86963
17-05-2022,36,86999
18-05-2022,32,87031
19-05-2022,36,87067
20-05-2022,45,87112
21-05-2022,18,87130
22-05-2022,38,87168
23-05-2022,43,87211
24-05-2022,23,87234
25-05-2022,29,87263
26-05-2022,32,87295
27-05-2022,26,87321
28-05-2022,27,87348
29-05-2022,44,87392
30-05-2022,40,87432
31-05-2022,46,87478
01-06-2022,41,87519
02-06-2022,33,87552
03-06-2022,22,87574
04-06-2022,23,87597
05-06-2022,21,87618
06-06-2022,42,87660
07-06-2022,36,87696
08-06-2022,41,87737
09-06-2022,22,87759
10-06-2022,24,87783
11-06-2022,22,87805
12-06-2022,29,87834
13-06-2022,24,87858
14-06-2022,32,87890
15-06-2022,25,87915
16-06-2022,26,87941
17-06-2022,24,87965
18-06-2022,18,87983
19-06-2022,29,88012
20-06-2022,31,88043
21-06-2022,37,88080
22-06-2022,44,88124
23-06-2022,36,88160
24-06-2022,26,88186
25-06-2022,21,88207
26-06-2022,43,88250
27-06-2022,35,88285
28-06-2022,46,88331
29-06-2022,48,88379
30-06-2022,37,88416
01-07-2022,29,88445
02-07-2022,30,88475
03-07-2022,28,88503
04-07-2022,38,88541
05-07-2022,31,88572
06-07-2022,39,88611
07-07-2022,33,88644
08-07-2022,19,88663
09-07-2022,23,88686
10-07-2022,43,88729
11-07-2022,37,88766
12-07-2022,36,88802
13-07-2022,39,88841
14-07-2022,34,88875
15-07-2022,20,88895
16-07-2022,19,88914
17-07-2022,29,88943
18-07-2022,49,88992
19-07-2022,35,89027
20-07-2022,28,89055
21-07-2022,36,89091
22-07-2022,31,89122
23-07-2022,24,89146
24-07-2022,41,89187
25-07-2022,34,89221
26-07-2022,36,89257
27-07-2022,52,89309
28-07-2022,38,89347
29-07-2022,26,89373
30-07-2022,27,89400
31-07-2022,26,89426
01-08-2022,33,89459
02-08-2022,35,89494
03-08-2022,36,89530
04-08-2022,42,89572
05-08-2022,25,89597
06-08-2022,24,89621
07-08-2022,24,89645
08-08-2022,41,89686
09-08-2022,40,89726
10-08-2022,38,89764
11-08-2022,36,89800
12-08-2022,20,89820
13-08-2022,25,89845
14-08-2022,29,89874
15-08-2022,46,89920
16-08-2022,27,89947
17-08-2022,47,89994
18-08-2022,34,90028
19-08-2022,35,90063
20-08-2022,22,90085
21-08-2022,36,90121
22-08-2022,34,90155
23-08-2022,34,90189
24-08-2022,42,90231
25-08-2022,40,90271
26-08-2022,23,90294
27-08-2022,23,90317
28-08-2022,37,90354
29-08-2022,21,90375
30-08-2022,33,90408
31-08-2022,39,90447
01-09-2022,28,90475
02-09-2022,27,90502
03-09-2022,29,90531
04-09-2022,28,90559
05-09-2022,41,90600
06-09-2022,35,90635
07-09-2022,31,90666
08-09-2022,34,90700
09-09-2022,22,90722
10-09-2022,14,90736
11-09-2022,21,90757
12-09-2022,37,90794
13-09-2022,35,90829
14-09-2022,45,90874
15-09-2022,33,90907
16-09-2022,20,90927
17-09-2022,30,90957
18-09-2022,30,90987
19-09-2022,40,91027
20-09-2022,35,91062
21-09-2022,39,91101
22-09-2022,38,91139
23-09-2022,21,91160
24-09-2022,19,91179
25-09-2022,26,91205
26-09-2022,38,91243
27-09-2022,32,91275
28-09-2022,33,91308
29-09-2022,30,91338
30-09-2022,16,91354
01-10-2022,28,91382
02-10-2022,23,91405
03-10-2022,19,91424
04-10-2022,36,91460
05-10-2022,34,91494
06-10-2022,27,91521
07-10-2022,24,91545
08-10-2022,27,91572
09-10-2022,39,91611
10-10-2022,38,91649
11-10-2022,29,91678
12-10-2022,45,91723
13-10-2022,39,91762
14-10-2022,25,91787
15-10-2022,19,91806
16-10-2022,25,91831
17-10-2022,37,91868
18-10-2022,42,91910
19-10-2022,27,91937
20-10-2022,25,91962
21-10-2022,24,91986
22-10-2022,29,92015
23-10-2022,21,92036
24-10-2022,43,92079
25-10-2022,26,92105
26-10-2022,31,92136
27-10-2022,30,92166
28-10-2022,18,92184
29-10-2022,31,92215
30-10-2022,39,92254
31-10-2022,25,92279
01-11-2022,39,92318
02-11-2022,40,92358
03-11-2022,34,92392
04-11-2022,20,92412
05-11-2022,28,92440
06-11-2022,32,92472
07-11-2022,38,92510
08-11-2022,32,92542
09-11-2022,33,92575
10-11-2022,40,92615
11-11-2022,24,92639
12-11-2022,12,92651
13-11-2022,29,92680
14-11-2022,38,92718
15-11-2022,35,92753
16-11-2022,34,92787
17-11-2022,29,92816
18-11-2022,22,92838
19-11-2022,29,92867
20-11-2022,24,92891
21-11-2022,30,92921
22-11-2022,28,92949
23-11-2022,18,92967
24-11-2022,35,93002
25-11-2022,24,93026
26-11-2022,23,93049
27-11-2022,28,93077
28-11-2022,31,93108
29-11-2022,35,93143
30-11-2022,15,93158
01-12-2022,37,93195
02-12-2022,27,93222
03-12-2022,16,93238
04-12-2022,25,93263
05-12-2022,22,93285
06-12-2022,21,93306
07-12-2022,30,93336
08-12-2022,29,93365
09-12-2022,25,93390
10-12-2022,19,93409
11-12-2022,27,93436
12-12-2022,27,93463
13-12-2022,34,93497
14-12-2022,17,93514
15-12-2022,25,93539
16-12-2022,21,93560
17-12-2022,17,93577
18-12-2022,20,93597
19-12-2022,26,93623
20-12-2022,29,93652
21-12-2022,18,93670
22-12-2022,29,93699
23-12-2022,15,93714
24-12-2022,16,93730
25-12-2022,20,93750
26-12-2022,29,93779
27-12-2022,36,93815
28-12-2022,23,93838
29-12-2022,20,93858
30-12-2022,18,93876
31-12-2022,16,93892
01-01-2023,26,93918
02-01-2023,28,93946
03-01-2023,35,93981
04-01-2023,19,94000
05-01-2023,27,94027
06-01-2023,13,94040
07-01-2023,19,94059
08-01-2023,34,94093
09-01-2023,40,94133
10-01-2023,36,94169
11-01-2023,36,94205
12-01-2023,32,94237
13-01-2023,20,94257
14-01-2023,23,94280
15-01-2023,20,94300
16-01-2023,33,94333
17-01-2023,26,94359
18-01-2023,23,94382
19-01-2023,29,94411
20-01-2023,13,94424
21-01-2023,12,94436
22-01-2023,33,94469
23-01-2023,23,94492
24-01-2023,22,94514
25-01-2023,30,94544
26-01-2023,23,94567
27-01-2023,19,94586
28-01-2023,18,94604
29-01-2023,28,94632
30-01-2023,30,94662
31-01-2023,32,94694
01-02-2023,33,94727
02-02-2023,38,94765
03-02-2023,19,94784
04-02-2023,13,94797
05-02-2023,36,94833
06-02-2023,28,94861
07-02-2023,29,94890
08-02-2023,31,94921
09-02-2023,31,94952
10-02-2023,21,94973
11-02-2023,24,94997
12-02-2023,18,95015
13-02-2023,38,95053
14-02-2023,27,95080
15-02-2023,36,95116
16-02-2023,35,95151
17-02-2023,20,95171
18-02-2023,16,95187
19-02-2023,25,95212
20-02-2023,39,95251
21-02-2023,39,95290
22-02-2023,48,95338
23-02-2023,44,95382
24-02-2023,21,95403
25-02-2023,31,95434
26-02-2023,38,95472
27-02-2023,39,95511
28-02-2023,40,95551
01-03-2023,42,95593
02-03-2023,32,95625
03-03-2023,27,95652
04-03-2023,21,95673
05-03-2023,20,95693
06-03-2023,30,95723
07-03-2023,30,95753
08-03-2023,28,95781
09-03-2023,27,95808
10-03-2023,27,95835
11-03-2023,16,95851
12-03-2023,27,95878
13-03-2023,38,95916
14-03-2023,38,95954
15-03-2023,33,95987
16-03-2023,35,96022
17-03-2023,26,96048
18-03-2023,27,96075
19-03-2023,34,96109
20-03-2023,29,96138
21-03-2023,26,96164
22-03-2023,26,96190
23-03-2023,20,96210
24-03-2023,14,96224
25-03-2023,22,96246
26-03-2023,22,96268
27-03-2023,37,96305
28-03-2023,25,96330
29-03-2023,31,96361
30-03-2023,32,96393
31-03-2023,35,96428
01-04-2023,25,96453
02-04-2023,43,96496
03-04-2023,49,96545
04-04-2023,45,96590
05-04-2023,29,96619
06-04-2023,30,96649
07-04-2023,21,96670
08-04-2023,26,96696
09-04-2023,35,96731
10-04-2023,35,96766
11-04-2023,41,96807
12-04-2023,37,96844
13-04-2023,47,96891
14-04-2023,24,96915
15-04-2023,28,96943
16-04-2023,37,96980
17-04-2023,37,97017
18-04-2023,40,97057
19-04-2023,43,97100
20-04-2023,36,97136
21-04-2023,24,97160
22-04-2023,24,97184
23-04-2023,38,97222
24-04-2023,40,97262
25-04-2023,42,97304
26-04-2023,50,97354
27-04-2023,34,97388
28-04-2023,12,97400
29-04-2023,23,97423
30-04-2023,24,97447
01-05-2023,21,97468
02-05-2023,24,97492
03-05-2023,27,97519
04-05-2023,18,97537
05-05-2023,32,97569
06-05-2023,15,97584
07-05-2023,30,97614
08-05-2023,43,97657
09-05-2023,47,97704
10-05-2023,30,97734
11-05-2023,40,97774
12-05-2023,20,97794
13-05-2023,26,97820
14-05-2023,33,97853
15-05-2023,40,97893
16-05-2023,44,97937
17-05-2023,35,97972
18-05-2023,40,98012
19-05-2023,20,98032
20-05-2023,32,98064
21-05-2023,36,98100
22-05-2023,34,98134
23-05-2023,46,98180
24-05-2023,44,98224
25-05-2023,25,98249
26-05-2023,23,98272
27-05-2023,16,98288
28-05-2023,36,98324
29-05-2023,31,98355
30-05-2023,32,98387
31-05-2023,36,98423
01-06-2023,41,98464
02-06-2023,25,98489
03-06-2023,18,98507
04-06-2023,23,98530
05-06-2023,38,98568
06-06-2023,52,98620
07-06-2023,39,98659
08-06-2023,31,98690
09-06-2023,21,98711
10-06-2023,20,98731
11-06-2023,34,98765
12-06-2023,28,98793
13-06-2023,37,98830
14-06-2023,32,98862
15-06-2023,31,98893
16-06-2023,16,98909
17-06-2023,19,98928
18-06-2023,34,98962
19-06-2023,35,98997
20-06-2023,42,99039
21-06-2023,38,99077
22-06-2023,19,99096
23-06-2023,20,99116
24-06-2023,23,99139
25-06-2023,32,99171
26-06-2023,26,99197
27-06-2023,31,99228
28-06-2023,40,99268
29-06-2023,40,99308
30-06-2023,28,99336
01-07-2023,21,99357
02-07-2023,35,99392
03-07-2023,33,99425
04-07-2023,31,99456
05-07-2023,40,99496
06-07-2023,34,99530
07-07-2023,20,99550
08-07-2023,20,99570
09-07-2023,44,99614
10-07-2023,60,99674
11-07-2023,50,99724
12-07-2023,78,99802
13-07-2023,65,99867
14-07-2023,27,99894
15-07-2023,14,99908
16-07-2023,27,99935
17-07-2023,36,99971
18-07-2023,31,100002
19-07-2023,35,100037
20-07-2023,21,100058
21-07-2023,19,100077
22-07-2023,23,100100
23-07-2023,35,100135
24-07-2023,26,100161
25-07-2023,31,100192
26-07-2023,34,100226
27-07-2023,38,100264
28-07-2023,15,100279
29-07-2023,19,100298
30-07-2023,23,100321
31-07-2023,31,100352
01-08-2023,36,100388
02-08-2023,30,100418
03-08-2023,36,100454
04-08-2023,26,100480
05-08-2023,22,100502
06-08-2023,35,100537
07-08-2023,34,100571
08-08-2023,36,100607
09-08-2023,40,100647
10-08-2023,29,100676
11-08-2023,19,100695
12-08-2023,25,100720
13-08-2023,24,100744
14-08-2023,29,100773
15-08-2023,32,100805
16-08-2023,30,100835
17-08-2023,31,100866
18-08-2023,29,100895
19-08-2023,18,100913
20-08-2023,30,100943
21-08-2023,38,100981
22-08-2023,29,101010
23-08-2023,28,101038
24-08-2023,16,101054
25-08-2023,16,101070
26-08-2023,24,101094
27-08-2023,31,101125
28-08-2023,37,101162
29-08-2023,30,101192
30-08-2023,28,101220
31-08-2023,28,101248
01-09-2023,19,101267
02-09-2023,22,101289
03-09-2023,33,101322
04-09-2023,47,101369
05-09-2023,51,101420
06-09-2023,35,101455
07-09-2023,31,101486
08-09-2023,23,101509
09-09-2023,20,101529
10-09-2023,21,101550
